Date,NSC
2000-01-03,11.27741813659668
2000-01-04,11.347466468811035
2000-01-05,11.27741813659668
2000-01-06,11.94284725189209
2000-01-07,11.592623710632324
2000-01-10,11.94284725189209
2000-01-11,11.977879524230957
2000-01-12,11.872806549072266
2000-01-13,12.188015937805176
2000-01-14,12.012896537780762
2000-01-18,11.417505264282227
2000-01-19,11.242391586303711
2000-01-20,11.067275047302246
2000-01-21,11.03225040435791
2000-01-24,10.611974716186523
2000-01-25,10.54193115234375
2000-01-26,9.946542739868164
2000-01-27,9.806448936462402
2000-01-28,9.666357040405273
2000-01-31,9.526265144348145
2000-02-01,9.38616943359375
2000-02-02,9.251476287841797
2000-02-03,9.109691619873047
2000-02-04,8.932461738586426
2000-02-07,9.216026306152344
2000-02-08,8.719782829284668
2000-02-09,8.684335708618164
2000-02-10,8.507104873657227
2000-02-11,8.294428825378418
2000-02-14,8.577997207641602
2000-02-15,8.61344051361084
2000-02-16,8.648889541625977
2000-02-17,8.400765419006348
2000-02-18,8.400765419006348
2000-02-22,8.577997207641602
2000-02-23,8.365321159362793
2000-02-24,7.798181533813477
2000-02-25,7.798181533813477
2000-02-28,7.9045186042785645
2000-02-29,7.691839218139648
2000-03-01,7.869072437286377
2000-03-02,7.620948791503906
2000-03-03,7.9045186042785645
2000-03-06,7.585500240325928
2000-03-07,7.337378025054932
2000-03-08,7.337378025054932
2000-03-09,7.479160308837891
2000-03-10,7.479160308837891
2000-03-13,7.337378025054932
2000-03-14,7.231039524078369
2000-03-15,7.727285861968994
2000-03-16,8.577997207641602
2000-03-17,9.003352165222168
2000-03-20,8.507104873657227
2000-03-21,8.507104873657227
2000-03-22,8.471659660339355
2000-03-23,8.152641296386719
2000-03-24,8.081750869750977
2000-03-27,8.507104873657227
2000-03-28,7.869072437286377
2000-03-29,7.939966201782227
2000-03-30,8.01085376739502
2000-03-31,8.081750869750977
2000-04-03,8.152641296386719
2000-04-04,8.400765419006348
2000-04-05,9.038799285888672
2000-04-06,9.003352165222168
2000-04-07,9.286922454833984
2000-04-10,9.251476287841797
2000-04-11,9.995844841003418
2000-04-12,10.031296730041504
2000-04-13,9.889508247375488
2000-04-14,9.676833152770996
2000-04-17,9.5704927444458
2000-04-18,9.783173561096191
2000-04-19,9.924954414367676
2000-04-20,9.712278366088867
2000-04-24,9.889508247375488
2000-04-25,10.456655502319336
2000-04-26,10.27941608428955
2000-04-27,10.031296730041504
2000-04-28,9.995844841003418
2000-05-01,9.995844841003418
2000-05-02,9.8540678024292
2000-05-03,9.681941032409668
2000-05-04,9.359206199645996
2000-05-05,9.897096633911133
2000-05-08,10.291544914245605
2000-05-09,10.793569564819336
2000-05-10,10.685988426208496
2000-05-11,10.901144027709961
2000-05-12,11.080440521240234
2000-05-15,10.901144027709961
2000-05-16,11.295592308044434
2000-05-17,11.044585227966309
2000-05-18,11.080440521240234
2000-05-19,10.757715225219727
2000-05-22,10.65013313293457
2000-05-23,10.54255485534668
2000-05-24,10.578421592712402
2000-05-25,10.04053020477295
2000-05-26,9.897096633911133
2000-05-30,10.1122465133667
2000-05-31,10.219823837280273
2000-06-01,10.721851348876953
2000-06-02,11.223875045776367
2000-06-05,10.757715225219727
2000-06-06,10.255684852600098
2000-06-07,10.219823837280273
2000-06-08,10.004671096801758
2000-06-09,10.291544914245605
2000-06-12,10.363260269165039
2000-06-13,10.255684852600098
2000-06-14,9.861237525939941
2000-06-15,9.574362754821777
2000-06-16,9.412994384765625
2000-06-19,9.251627922058105
2000-06-20,8.89303970336914
2000-06-21,9.000618934631348
2000-06-22,8.64202880859375
2000-06-23,8.713746070861816
2000-06-26,8.96475887298584
2000-06-27,8.928900718688965
2000-06-28,9.153017044067383
2000-06-29,9.036474227905273
2000-06-30,8.53445053100586
2000-07-03,8.96475887298584
2000-07-05,9.000618934631348
2000-07-06,9.323346138000488
2000-07-07,9.430923461914062
2000-07-10,9.395065307617188
2000-07-11,9.466782569885254
2000-07-12,9.430923461914062
2000-07-13,9.359206199645996
2000-07-14,9.466782569885254
2000-07-17,9.681941032409668
2000-07-18,9.359206199645996
2000-07-19,9.108193397521973
2000-07-20,9.179915428161621
2000-07-21,8.96475887298584
2000-07-24,8.89303970336914
2000-07-25,8.96475887298584
2000-07-26,10.076388359069824
2000-07-27,10.721851348876953
2000-07-28,10.757715225219727
2000-07-31,10.712884902954102
2000-08-01,10.793569564819336
2000-08-02,11.054530143737793
2000-08-03,11.127017974853516
2000-08-04,11.19950008392334
2000-08-07,11.235747337341309
2000-08-08,11.453214645385742
2000-08-09,10.800816535949707
2000-08-10,10.76457405090332
2000-08-11,11.018285751342773
2000-08-14,10.800816535949707
2000-08-15,10.583352088928223
2000-08-16,10.402134895324707
2000-08-17,10.257156372070312
2000-08-18,10.402134895324707
2000-08-21,10.220908164978027
2000-08-22,10.293395042419434
2000-08-23,9.89470386505127
2000-08-24,9.785979270935059
2000-08-25,9.785979270935059
2000-08-28,9.640997886657715
2000-08-29,9.423531532287598
2000-08-30,9.387288093566895
2000-08-31,9.323861122131348
2000-09-01,9.278554916381836
2000-09-05,9.314798355102539
2000-09-06,9.314798355102539
2000-09-07,9.206063270568848
2000-09-08,9.133580207824707
2000-09-11,9.169822692871094
2000-09-12,9.206063270568848
2000-09-13,9.24231243133545
2000-09-14,9.133580207824707
2000-09-15,9.133580207824707
2000-09-18,9.097332954406738
2000-09-19,8.916110038757324
2000-09-20,8.879868507385254
2000-09-21,8.879868507385254
2000-09-22,8.879868507385254
2000-09-25,8.771132469177246
2000-09-26,8.481185913085938
2000-09-27,8.444934844970703
2000-09-28,8.372446060180664
2000-09-29,8.40869140625
2000-10-02,7.828780651092529
2000-10-03,8.046243667602539
2000-10-04,8.227470397949219
2000-10-05,7.9375152587890625
2000-10-06,8.010005950927734
2000-10-09,7.756288528442383
2000-10-10,7.575068473815918
2000-10-11,7.321359634399414
2000-10-12,7.357604026794434
2000-10-13,7.321359634399414
2000-10-16,7.285111904144287
2000-10-17,7.140139579772949
2000-10-18,7.067650318145752
2000-10-19,7.1038947105407715
2000-10-20,7.140139579772949
2000-10-23,6.958916664123535
2000-10-24,7.357604026794434
2000-10-25,7.321359634399414
2000-10-26,7.575068473815918
2000-10-27,7.538826942443848
2000-10-30,7.901270389556885
2000-10-31,8.191224098205566
2000-11-01,8.345638275146484
2000-11-02,8.602997779846191
2000-11-03,8.860344886779785
2000-11-06,8.93387222290039
2000-11-07,8.786815643310547
2000-11-08,8.676525115966797
2000-11-09,8.676525115966797
2000-11-10,8.566227912902832
2000-11-13,8.786815643310547
2000-11-14,8.93387222290039
2000-11-15,9.080940246582031
2000-11-16,9.080940246582031
2000-11-17,8.786815643310547
2000-11-20,8.676525115966797
2000-11-21,8.566227912902832
2000-11-22,8.382403373718262
2000-11-24,8.45592975616455
2000-11-27,8.492696762084961
2000-11-28,8.566227912902832
2000-11-29,8.566227912902832
2000-11-30,8.45592975616455
2000-12-01,8.419167518615723
2000-12-04,8.529462814331055
2000-12-05,8.63975715637207
2000-12-06,8.529462814331055
2000-12-07,8.345638275146484
2000-12-08,8.382403373718262
2000-12-11,8.45592975616455
2000-12-12,8.419167518615723
2000-12-13,8.272109985351562
2000-12-14,7.904458045959473
2000-12-15,7.7206315994262695
2000-12-18,7.830926418304443
2000-12-19,7.904458045959473
2000-12-20,7.94122314453125
2000-12-21,8.014753341674805
2000-12-22,8.125049591064453
2000-12-26,8.014753341674805
2000-12-27,8.198575973510742
2000-12-28,7.757400989532471
2000-12-29,7.830926418304443
2001-01-02,8.051519393920898
2001-01-03,8.30887222290039
2001-01-04,9.080940246582031
2001-01-05,9.044169425964355
2001-01-08,9.485350608825684
2001-01-09,9.485350608825684
2001-01-10,9.338288307189941
2001-01-11,9.301525115966797
2001-01-12,9.080940246582031
2001-01-16,9.485350608825684
2001-01-17,9.705939292907715
2001-01-18,9.742704391479492
2001-01-19,9.485350608825684
2001-01-22,9.63240909576416
2001-01-23,9.595643043518066
2001-01-24,9.154463768005371
2001-01-25,8.93387222290039
2001-01-26,9.007405281066895
2001-01-29,9.152996063232422
2001-01-30,9.235347747802734
2001-01-31,9.642788887023926
2001-02-01,9.772701263427734
2001-02-02,9.684124946594238
2001-02-05,9.619169235229492
2001-02-06,9.654605865478516
2001-02-07,9.5364990234375
2001-02-08,10.038419723510742
2001-02-09,10.315953254699707
2001-02-12,10.499011039733887
2001-02-13,10.723396301269531
2001-02-14,10.321859359741211
2001-02-15,10.422242164611816
2001-02-16,10.646631240844727
2001-02-20,10.92417049407959
2001-02-21,10.72929859161377
2001-02-22,10.735204696655273
2001-02-23,10.4931058883667
2001-02-26,10.646631240844727
2001-02-27,10.741111755371094
2001-02-28,10.682059288024902
2001-03-01,10.451766967773438
2001-03-02,10.16833209991455
2001-03-05,10.280525207519531
2001-03-06,10.256901741027832
2001-03-07,10.380910873413086
2001-03-08,10.599397659301758
2001-03-09,10.46948528289795
2001-03-12,10.239192008972168
2001-03-13,9.654605865478516
2001-03-14,9.371161460876465
2001-03-15,9.341636657714844
2001-03-16,8.792478561401367
2001-03-19,9.164485931396484
2001-03-20,9.064107894897461
2001-03-21,8.951913833618164
2001-03-22,8.69209098815918
2001-03-23,8.827906608581543
2001-03-26,8.833810806274414
2001-03-27,9.447930335998535
2001-03-28,9.524690628051758
2001-03-29,9.477456092834473
2001-03-30,9.884895324707031
2001-04-02,9.902606010437012
2001-04-03,9.873083114624023
2001-04-04,9.743175506591797
2001-04-05,9.802227973937988
2001-04-06,9.772701263427734
2001-04-09,9.83174991607666
2001-04-10,10.345479011535645
2001-04-11,10.038419723510742
2001-04-12,10.038419723510742
2001-04-16,10.097471237182617
2001-04-17,10.174233436584473
2001-04-18,10.321859359741211
2001-04-19,10.262810707092285
2001-04-20,10.032520294189453
2001-04-23,9.554216384887695
2001-04-24,9.447930335998535
2001-04-25,9.501067161560059
2001-04-26,10.965500831604004
2001-04-27,11.868962287902832
2001-04-30,11.656379699707031
2001-05-01,11.4733247756958
2001-05-02,11.348941802978516
2001-05-03,11.260088920593262
2001-05-04,11.514785766601562
2001-05-07,11.846489906311035
2001-05-08,12.326271057128906
2001-05-09,12.367738723754883
2001-05-10,13.31545639038086
2001-05-11,13.25622844696045
2001-05-14,13.037063598632812
2001-05-15,12.971907615661621
2001-05-16,13.47539234161377
2001-05-17,13.925546646118164
2001-05-18,14.138786315917969
2001-05-21,13.913700103759766
2001-05-22,13.493158340454102
2001-05-23,13.232529640197754
2001-05-24,13.096293449401855
2001-05-25,12.924521446228027
2001-05-29,12.91859245300293
2001-05-30,12.717206001281738
2001-05-31,13.131841659545898
2001-06-01,13.037063598632812
2001-06-04,13.10222339630127
2001-06-05,13.404305458068848
2001-06-06,13.173298835754395
2001-06-07,13.493158340454102
2001-06-08,13.078529357910156
2001-06-11,12.806062698364258
2001-06-12,12.509896278381348
2001-06-13,12.18410873413086
2001-06-14,11.840567588806152
2001-06-15,11.662869453430176
2001-06-18,11.597719192504883
2001-06-19,11.579943656921387
2001-06-20,11.473332405090332
2001-06-21,11.799102783203125
2001-06-22,11.621402740478516
2001-06-25,11.544401168823242
2001-06-26,11.325242042541504
2001-06-27,11.550321578979492
2001-06-28,11.870187759399414
2001-06-29,12.290735244750977
2001-07-02,11.994572639465332
2001-07-03,11.95903491973877
2001-07-05,12.130810737609863
2001-07-06,11.876107215881348
2001-07-09,11.870187759399414
2001-07-10,11.923493385314941
2001-07-11,12.770519256591797
2001-07-12,12.663900375366211
2001-07-13,12.734976768493652
2001-07-16,12.948220252990723
2001-07-17,13.137758255004883
2001-07-18,13.327301025390625
2001-07-19,13.137758255004883
2001-07-20,12.533589363098145
2001-07-23,12.27889347076416
2001-07-24,11.627333641052246
2001-07-25,11.550321578979492
2001-07-26,12.231499671936035
2001-07-27,12.065655708312988
2001-07-30,12.006415367126465
2001-07-31,11.91756820678711
2001-08-01,11.822517395019531
2001-08-02,12.030447959899902
2001-08-03,11.976981163024902
2001-08-06,11.88192081451416
2001-08-07,11.994806289672852
2001-08-08,11.816571235656738
2001-08-09,11.864100456237793
2001-08-10,12.137381553649902
2001-08-13,12.09580135345459
2001-08-14,12.268085479736328
2001-08-15,12.012621879577637
2001-08-16,12.535429954528809
2001-08-17,12.14926815032959
2001-08-20,11.84627628326416
2001-08-21,11.014547348022461
2001-08-22,11.460114479064941
2001-08-23,11.650225639343262
2001-08-24,11.816571235656738
2001-08-27,11.305649757385254
2001-08-28,11.21059799194336
2001-08-29,11.06800651550293
2001-08-30,10.931371688842773
2001-08-31,11.062071800231934
2001-09-04,11.54922866821289
2001-09-05,11.703693389892578
2001-09-06,11.745279312133789
2001-09-07,11.275949478149414
2001-09-10,11.22841739654541
2001-09-17,10.099635124206543
2001-09-18,10.046164512634277
2001-09-19,9.404542922973633
2001-09-20,8.501514434814453
2001-09-21,9.20849323272705
2001-09-24,9.743179321289062
2001-09-25,8.721333503723145
2001-09-26,8.964910507202148
2001-09-27,8.994616508483887
2001-09-28,9.57683277130127
2001-10-01,9.143141746520996
2001-10-02,9.321367263793945
2001-10-03,9.51742172241211
2001-10-04,9.309489250183105
2001-10-05,9.51742172241211
2001-10-08,9.428306579589844
2001-10-09,9.119375228881836
2001-10-10,9.832294464111328
2001-10-11,10.08775520324707
2001-10-12,9.624354362487793
2001-10-15,9.707533836364746
2001-10-16,9.85605525970459
2001-10-17,9.351073265075684
2001-10-18,9.440187454223633
2001-10-19,9.238192558288574
2001-10-22,9.291666030883789
2001-10-23,9.85605525970459
2001-10-24,9.9511079788208
2001-10-25,10.069934844970703
2001-10-26,10.426384925842285
2001-10-29,9.879822731018066
2001-10-30,9.89169979095459
2001-10-31,9.987095832824707
2001-11-01,10.243487358093262
2001-11-02,10.493906021118164
2001-11-05,10.68470573425293
2001-11-06,10.38062572479248
2001-11-07,10.64893627166748
2001-11-08,10.702595710754395
2001-11-09,10.68470573425293
2001-11-12,10.6131591796875
2001-11-13,10.982829093933105
2001-11-14,11.173628807067871
2001-11-15,11.507522583007812
2001-11-16,11.680440902709961
2001-11-19,11.573107719421387
2001-11-20,11.430014610290527
2001-11-21,11.471748352050781
2001-11-23,11.54330062866211
2001-11-26,11.585036277770996
2001-11-27,11.602922439575195
2001-11-28,11.590993881225586
2001-11-29,11.549267768859863
2001-11-30,11.56119155883789
2001-12-03,11.28691577911377
2001-12-04,11.28691577911377
2001-12-05,11.376351356506348
2001-12-06,11.203439712524414
2001-12-07,11.376351356506348
2001-12-10,11.269027709960938
2001-12-11,11.060342788696289
2001-12-12,10.82780647277832
2001-12-13,10.75029468536377
2001-12-14,10.714520454406738
2001-12-17,11.155740737915039
2001-12-18,11.322690963745117
2001-12-19,11.102082252502441
2001-12-20,11.155740737915039
2001-12-21,10.899356842041016
2001-12-24,11.000713348388672
2001-12-26,10.929168701171875
2001-12-27,11.048418045043945
2001-12-28,11.131889343261719
2001-12-31,10.929168701171875
2002-01-02,11.078232765197754
2002-01-03,11.692362785339355
2002-01-04,12.139548301696777
2002-01-07,12.163393020629883
2002-01-08,11.924893379211426
2002-01-09,11.680440902709961
2002-01-10,11.668508529663086
2002-01-11,11.316730499267578
2002-01-14,11.030531883239746
2002-01-15,11.143815040588379
2002-01-16,10.803960800170898
2002-01-17,11.579070091247559
2002-01-18,11.567151069641113
2002-01-22,11.757944107055664
2002-01-23,11.924893379211426
2002-01-24,12.509217262268066
2002-01-25,13.200859069824219
2002-01-28,13.415506362915039
2002-01-29,13.105466842651367
2002-01-30,13.332657814025879
2002-01-31,13.482125282287598
2002-02-01,13.338639259338379
2002-02-04,13.063613891601562
2002-02-05,12.967949867248535
2002-02-06,12.555415153503418
2002-02-07,12.495623588562012
2002-02-08,12.6869535446167
2002-02-11,12.97392749786377
2002-02-12,12.902175903320312
2002-02-13,12.752707481384277
2002-02-14,12.603241920471191
2002-02-15,12.734772682189941
2002-02-19,12.543450355529785
2002-02-20,12.591288566589355
2002-02-21,13.09350299835205
2002-02-22,13.165244102478027
2002-02-25,13.177202224731445
2002-02-26,13.117413520812988
2002-02-27,13.822916030883789
2002-02-28,14.223489761352539
2002-03-01,15.060515403747559
2002-03-04,15.754059791564941
2002-03-05,15.55077838897705
2002-03-06,15.616547584533691
2002-03-07,15.90352725982666
2002-03-08,14.976818084716797
2002-03-11,15.120304107666016
2002-03-12,14.636027336120605
2002-03-13,14.618091583251953
2002-03-14,14.444694519042969
2002-03-15,14.396867752075195
2002-03-18,14.366974830627441
2002-03-19,14.767557144165039
2002-03-20,14.857243537902832
2002-03-21,14.038152694702148
2002-03-22,14.026188850402832
2002-03-25,13.685400009155273
2002-03-26,14.10391616821289
2002-03-27,14.504490852355957
2002-03-28,14.313175201416016
2002-04-01,13.984346389770508
2002-04-02,13.583757400512695
2002-04-03,13.123397827148438
2002-04-04,13.703339576721191
2002-04-05,13.649526596069336
2002-04-08,13.751167297363281
2002-04-09,13.619638442993164
2002-04-10,14.307193756103516
2002-04-11,13.990321159362793
2002-04-12,14.618091583251953
2002-04-15,13.822916030883789
2002-04-16,14.21153450012207
2002-04-17,14.109892845153809
2002-04-18,13.954444885253906
2002-04-19,13.900635719299316
2002-04-22,13.804975509643555
2002-04-23,13.73922061920166
2002-04-24,12.48366641998291
2002-04-25,12.95001220703125
2002-04-26,12.914141654968262
2002-04-29,12.603241920471191
2002-04-30,12.8125
2002-05-01,12.830495834350586
2002-05-02,12.866458892822266
2002-05-03,12.806503295898438
2002-05-06,12.416797637939453
2002-05-07,12.38681411743164
2002-05-08,12.896431922912598
2002-05-09,12.554693222045898
2002-05-10,12.3748197555542
2002-05-13,12.512723922729492
2002-05-14,12.890440940856934
2002-05-15,12.86046314239502
2002-05-16,12.812501907348633
2002-05-17,13.046333312988281
2002-05-20,12.884443283081055
2002-05-21,12.248916625976562
2002-05-22,12.536707878112793
2002-05-23,12.71057415008545
2002-05-24,12.524714469909668
2002-05-28,12.308876037597656
2002-05-29,12.278897285461426
2002-05-30,11.901171684265137
2002-05-31,12.692598342895508
2002-06-03,12.46475887298584
2002-06-04,12.506732940673828
2002-06-05,12.620640754699707
2002-06-06,12.596661567687988
2002-06-07,12.76453971862793
2002-06-10,13.142255783081055
2002-06-11,13.13626480102539
2002-06-12,13.046333312988281
2002-06-13,12.986371040344238
2002-06-14,12.662610054016113
2002-06-17,13.07630443572998
2002-06-18,13.220197677612305
2002-06-19,13.25617504119873
2002-06-20,13.621901512145996
2002-06-21,13.615899085998535
2002-06-24,13.807760238647461
2002-06-25,12.854466438293457
2002-06-26,13.13626480102539
2002-06-27,13.723832130432129
2002-06-28,14.017613410949707
2002-07-01,13.939668655395508
2002-07-02,14.065574645996094
2002-07-03,13.609906196594238
2002-07-05,14.26942253112793
2002-07-08,13.813756942749023
2002-07-09,13.388079643249512
2002-07-10,13.501985549926758
2002-07-11,13.250173568725586
2002-07-12,12.872454643249512
2002-07-15,12.27290153503418
2002-07-16,12.152987480163574
2002-07-17,12.254916191101074
2002-07-18,11.919168472290039
2002-07-19,11.889185905456543
2002-07-22,11.271637916564941
2002-07-23,10.821977615356445
2002-07-24,11.433524131774902
2002-07-25,11.703323364257812
2002-07-26,11.973114967346191
2002-07-29,12.3748197555542
2002-07-30,12.500732421875
2002-07-31,12.181900978088379
2002-08-01,12.145804405212402
2002-08-02,11.405865669250488
2002-08-05,11.008824348449707
2002-08-06,11.814935684204102
2002-08-07,12.175885200500488
2002-08-08,12.741366386413574
2002-08-09,12.633078575134277
2002-08-12,12.657146453857422
2002-08-13,12.199946403503418
2002-08-14,12.657146453857422
2002-08-15,12.777450561523438
2002-08-16,12.753392219543457
2002-08-19,12.699251174926758
2002-08-20,12.639090538024902
2002-08-21,13.048161506652832
2002-08-22,13.150436401367188
2002-08-23,12.759408950805664
2002-08-26,13.204578399658203
2002-08-27,13.16848087310791
2002-08-28,12.74737548828125
2002-08-29,12.30822467803955
2002-08-30,12.590971946716309
2002-09-03,12.290183067321777
2002-09-04,12.56088924407959
2002-09-05,12.133766174316406
2002-09-06,12.356355667114258
2002-09-09,12.404479026794434
2002-09-10,12.39846420288086
2002-09-11,12.566904067993164
2002-09-12,12.639090538024902
2002-09-13,12.807535171508789
2002-09-16,13.150436401367188
2002-09-17,12.627060890197754
2002-09-18,12.633078575134277
2002-09-19,12.687212944030762
2002-09-20,13.048161506652832
2002-09-23,12.651127815246582
2002-09-24,12.073613166809082
2002-09-25,12.434556007385254
2002-09-26,13.27074909210205
2002-09-27,12.945892333984375
2002-09-30,12.145804405212402
2002-10-01,13.072229385375977
2002-10-02,12.242053985595703
2002-10-03,12.849640846252441
2002-10-04,12.572922706604004
2002-10-07,12.013452529907227
2002-10-08,12.675193786621094
2002-10-09,11.640478134155273
2002-10-10,12.368393898010254
2002-10-11,12.711283683776855
2002-10-14,12.476668357849121
2002-10-15,13.234651565551758
2002-10-16,12.753392219543457
2002-10-17,13.174495697021484
2002-10-18,12.74737548828125
2002-10-21,12.873709678649902
2002-10-22,12.506746292114258
2002-10-23,12.633078575134277
2002-10-24,12.639090538024902
2002-10-25,12.584957122802734
2002-10-28,12.476668357849121
2002-10-29,12.422529220581055
2002-10-30,12.537216186523438
2002-10-31,12.193150520324707
2002-11-01,12.766595840454102
2002-11-04,13.014084815979004
2002-11-05,13.014084815979004
2002-11-06,13.472829818725586
2002-11-07,13.12876033782959
2002-11-08,13.321922302246094
2002-11-11,12.712270736694336
2002-11-12,12.820913314819336
2002-11-13,12.591543197631836
2002-11-14,12.676048278808594
2002-11-15,12.736405372619629
2002-11-18,12.253514289855957
2002-11-19,12.072426795959473
2002-11-20,12.06639575958252
2002-11-21,12.138827323913574
2002-11-22,11.999995231628418
2002-11-25,11.88530445098877
2002-11-26,11.547277450561523
2002-11-27,11.987915992736816
2002-11-29,11.909448623657227
2002-12-02,11.861160278320312
2002-12-03,11.72232437133789
2002-12-04,11.849088668823242
2002-12-05,11.879270553588867
2002-12-06,12.187117576599121
2002-12-09,11.879270553588867
2002-12-10,12.048279762268066
2002-12-11,12.114678382873535
2002-12-12,11.583494186401367
2002-12-13,11.72836685180664
2002-12-16,11.92152214050293
2002-12-17,11.89134407043457
2002-12-18,11.698180198669434
2002-12-19,11.59556770324707
2002-12-20,11.94566822052002
2002-12-23,11.849088668823242
2002-12-24,11.770614624023438
2002-12-26,11.939629554748535
2002-12-27,11.661961555480957
2002-12-30,11.969809532165527
2002-12-31,12.06639575958252
2003-01-02,12.368204116821289
2003-01-03,12.28973388671875
2003-01-06,12.603612899780273
2003-01-07,12.410460472106934
2003-01-08,12.331985473632812
2003-01-09,12.55532455444336
2003-01-10,12.380270004272461
2003-01-13,12.313880920410156
2003-01-14,12.175039291381836
2003-01-15,11.92152214050293
2003-01-16,11.68610668182373
2003-01-17,11.655932426452637
2003-01-21,11.323933601379395
2003-01-22,10.937623023986816
2003-01-23,11.27564811706543
2003-01-24,10.961764335632324
2003-01-27,11.016092300415039
2003-01-28,11.233393669128418
2003-01-29,11.468803405761719
2003-01-30,11.655932426452637
2003-01-31,11.89134407043457
2003-02-03,11.855123519897461
2003-02-04,11.589536666870117
2003-02-05,11.771280288696289
2003-02-06,11.656170845031738
2003-02-07,11.607706069946289
2003-02-10,11.710697174072266
2003-02-11,11.407781600952148
2003-02-12,11.547120094299316
2003-02-13,11.468363761901855
2003-02-14,11.298735618591309
2003-02-18,11.595589637756348
2003-02-19,11.389605522155762
2003-02-20,11.310847282409668
2003-02-21,11.625880241394043
2003-02-24,11.165448188781738
2003-02-25,11.432015419006348
2003-02-26,11.662232398986816
2003-02-27,11.480484008789062
2003-02-28,11.547120094299316
2003-03-03,11.595589637756348
2003-03-04,11.280555725097656
2003-03-05,11.438069343566895
2003-03-06,11.298735618591309
2003-03-07,11.541064262390137
2003-03-10,11.020051002502441
2003-03-11,10.753482818603516
2003-03-12,10.723190307617188
2003-03-13,11.026104927062988
2003-03-14,11.153329849243164
2003-03-17,11.383548736572266
2003-03-18,11.450188636779785
2003-03-19,11.498656272888184
2003-03-20,11.625880241394043
2003-03-21,12.068135261535645
2003-03-24,11.625880241394043
2003-03-25,11.753105163574219
2003-03-26,11.753105163574219
2003-03-27,11.571356773376465
2003-03-28,11.547120094299316
2003-03-31,11.244210243225098
2003-04-01,11.341142654418945
2003-04-02,11.559244155883789
2003-04-03,11.292671203613281
2003-04-04,11.510767936706543
2003-04-07,11.801568984985352
2003-04-08,11.771280288696289
2003-04-09,11.56529426574707
2003-04-10,11.765219688415527
2003-04-11,11.813689231872559
2003-04-14,12.031783103942871
2003-04-15,11.983317375183105
2003-04-16,11.940911293029785
2003-04-17,12.025723457336426
2003-04-21,12.15295124053955
2003-04-22,12.231711387634277
2003-04-23,12.292292594909668
2003-04-24,12.492217063903809
2003-04-25,12.480097770690918
2003-04-28,12.783016204833984
2003-04-29,12.83753776550293
2003-04-30,12.892245292663574
2003-05-01,12.746363639831543
2003-05-02,12.855781555175781
2003-05-05,12.904398918151855
2003-05-06,12.995576858520508
2003-05-07,12.934792518615723
2003-05-08,12.746363639831543
2003-05-09,13.019893646240234
2003-05-12,13.190088272094727
2003-05-13,13.196175575256348
2003-05-14,13.177927017211914
2003-05-15,13.141458511352539
2003-05-16,13.177927017211914
2003-05-19,12.794990539550781
2003-05-20,12.977344512939453
2003-05-21,12.928709030151367
2003-05-22,12.910481452941895
2003-05-23,12.965184211730957
2003-05-27,12.928709030151367
2003-05-28,12.788912773132324
2003-05-29,12.794990539550781
2003-05-30,13.323809623718262
2003-06-02,13.299501419067383
2003-06-03,13.244794845581055
2003-06-04,13.269104957580566
2003-06-05,13.29341983795166
2003-06-06,13.220479011535645
2003-06-09,13.111069679260254
2003-06-10,12.977344512939453
2003-06-11,13.092833518981934
2003-06-12,13.214402198791504
2003-06-13,12.977344512939453
2003-06-16,13.342045783996582
2003-06-17,12.940873146057129
2003-06-18,12.734210014343262
2003-06-19,12.454605102539062
2003-06-20,12.284406661987305
2003-06-23,11.877158164978027
2003-06-24,11.828527450561523
2003-06-25,11.530691146850586
2003-06-26,11.74951171875
2003-06-27,11.737354278564453
2003-06-30,11.670495986938477
2003-07-01,11.74951171875
2003-07-02,11.92578411102295
2003-07-03,11.804214477539062
2003-07-07,11.852845191955566
2003-07-08,11.98656940460205
2003-07-09,11.798139572143555
2003-07-10,11.76166820526123
2003-07-11,11.87108039855957
2003-07-14,12.035196304321289
2003-07-15,11.907552719116211
2003-07-16,11.980488777160645
2003-07-17,11.64009952545166
2003-07-18,11.864998817443848
2003-07-21,11.700885772705078
2003-07-22,11.779902458190918
2003-07-23,11.439506530761719
2003-07-24,11.74951171875
2003-07-25,11.518534660339355
2003-07-28,11.427355766296387
2003-07-29,11.135594367980957
2003-07-30,11.526310920715332
2003-07-31,11.739990234375
2003-08-01,11.556838989257812
2003-08-04,11.599574089050293
2003-08-05,11.269902229309082
2003-08-06,11.300432205200195
2003-08-07,11.532422065734863
2003-08-08,11.581265449523926
2003-08-11,11.361480712890625
2003-08-12,11.434744834899902
2003-08-13,11.446952819824219
2003-08-14,11.587369918823242
2003-08-15,11.434744834899902
2003-08-18,11.35537338256836
2003-08-19,11.300432205200195
2003-08-20,11.178328514099121
2003-08-21,11.324849128723145
2003-08-22,11.178328514099121
2003-08-25,11.16002082824707
2003-08-26,11.196640968322754
2003-08-27,11.2332763671875
2003-08-28,11.599574089050293
2003-08-29,11.623997688293457
2003-09-02,11.923144340515137
2003-09-03,11.98419189453125
2003-09-04,11.904828071594238
2003-09-05,11.831570625305176
2003-09-08,11.855986595153809
2003-09-09,11.807144165039062
2003-09-10,11.648423194885254
2003-09-11,11.843774795532227
2003-09-12,11.862095832824707
2003-09-15,11.733887672424316
2003-09-16,11.98419189453125
2003-09-17,11.782723426818848
2003-09-18,12.210079193115234
2003-09-19,11.965882301330566
2003-09-22,11.733887672424316
2003-09-23,11.770516395568848
2003-09-24,11.532422065734863
2003-09-25,11.446952819824219
2003-09-26,11.251587867736816
2003-09-29,11.294327735900879
2003-09-30,11.294327735900879
2003-10-01,11.495795249938965
2003-10-02,11.495795249938965
2003-10-03,11.569052696228027
2003-10-06,11.672837257385254
2003-10-07,11.465265274047852
2003-10-08,11.4774751663208
2003-10-09,11.520214080810547
2003-10-10,11.459157943725586
2003-10-13,11.367583274841309
2003-10-14,11.483579635620117
2003-10-15,11.428637504577637
2003-10-16,11.57515811920166
2003-10-17,11.782723426818848
2003-10-20,11.654522895812988
2003-10-21,11.343164443969727
2003-10-22,11.257697105407715
2003-10-23,11.428637504577637
2003-10-24,11.508005142211914
2003-10-27,11.324849128723145
2003-10-28,11.294327735900879
2003-10-29,11.825465202331543
2003-10-30,12.197869300842285
2003-10-31,12.301655769348145
2003-11-03,12.619120597839355
2003-11-04,12.57638168334961
2003-11-05,12.625411987304688
2003-11-06,13.152490615844727
2003-11-07,13.170881271362305
2003-11-10,12.895084381103516
2003-11-11,13.023789405822754
2003-11-12,12.962501525878906
2003-11-13,12.895084381103516
2003-11-14,12.93798542022705
2003-11-17,12.790894508361816
2003-11-18,12.7173490524292
2003-11-19,12.72960376739502
2003-11-20,12.882828712463379
2003-11-21,12.888957977294922
2003-11-24,13.078949928283691
2003-11-25,13.183138847351074
2003-11-26,13.238296508789062
2003-11-28,13.121849060058594
2003-12-01,13.366999626159668
2003-12-02,13.250555038452148
2003-12-03,13.526351928710938
2003-12-04,13.80215835571289
2003-12-05,13.789896011352539
2003-12-08,13.88182544708252
2003-12-09,13.863439559936523
2003-12-10,13.912470817565918
2003-12-11,14.15762710571289
2003-12-12,14.470194816589355
2003-12-15,14.359878540039062
2003-12-16,14.36600112915039
2003-12-17,14.384392738342285
2003-12-18,14.40277099609375
2003-12-19,14.457942008972168
2003-12-22,14.911471366882324
2003-12-23,14.427289009094238
2003-12-24,14.347622871398926
2003-12-26,14.415038108825684
2003-12-29,14.586641311645508
2003-12-30,14.586641311645508
2003-12-31,14.494710922241211
2004-01-02,14.666316986083984
2004-01-05,14.666316986083984
2004-01-06,14.629545211791992
2004-01-07,14.255687713623047
2004-01-08,14.225042343139648
2004-01-09,14.047304153442383
2004-01-12,14.02278995513916
2004-01-13,14.194402694702148
2004-01-14,14.065692901611328
2004-01-15,13.955374717712402
2004-01-16,14.035051345825195
2004-01-20,13.912470817565918
2004-01-21,14.243430137634277
2004-01-22,14.21890640258789
2004-01-23,14.176003456115723
2004-01-26,14.304718971252441
2004-01-27,14.249555587768555
2004-01-28,13.85731029510498
2004-01-29,13.655059814453125
2004-01-30,13.667316436767578
2004-02-02,13.422162055969238
2004-02-03,13.416034698486328
2004-02-04,13.379124641418457
2004-02-05,13.55136775970459
2004-02-06,13.631330490112305
2004-02-09,13.834328651428223
2004-02-10,13.895834922790527
2004-02-11,13.963499069213867
2004-02-12,13.822019577026367
2004-02-13,13.717447280883789
2004-02-17,13.600577354431152
2004-02-18,13.68669319152832
2004-02-19,13.7666597366333
2004-02-20,13.748207092285156
2004-02-23,13.619032859802246
2004-02-24,13.514451026916504
2004-02-25,13.379124641418457
2004-02-26,13.403729438781738
2004-02-27,13.631330490112305
2004-03-01,13.44063949584961
2004-03-02,13.305313110351562
2004-03-03,13.19459056854248
2004-03-04,13.219189643859863
2004-03-05,13.434489250183105
2004-03-08,13.299161911010742
2004-03-09,13.126922607421875
2004-03-10,13.003887176513672
2004-03-11,12.893171310424805
2004-03-12,13.14537525177002
2004-03-15,12.90546989440918
2004-03-16,12.807051658630371
2004-03-17,13.010049819946289
2004-03-18,12.954689979553223
2004-03-19,12.800905227661133
2004-03-22,12.63481616973877
2004-03-23,12.671725273132324
2004-03-24,12.917781829833984
2004-03-25,13.249953269958496
2004-03-26,13.237641334533691
2004-03-29,13.385272979736328
2004-03-30,13.348363876342773
2004-03-31,13.588276863098145
2004-04-01,13.55136775970459
2004-04-02,13.748207092285156
2004-04-05,13.723600387573242
2004-04-06,13.754347801208496
2004-04-07,13.655941009521484
2004-04-08,13.483695030212402
2004-04-12,13.495999336242676
2004-04-13,13.53905963897705
2004-04-14,13.46524715423584
2004-04-15,13.606727600097656
2004-04-16,13.594420433044434
2004-04-19,13.46524715423584
2004-04-20,13.249953269958496
2004-04-21,13.969651222229004
2004-04-22,14.910806655883789
2004-04-23,15.218376159667969
2004-04-26,14.720117568969727
2004-04-27,15.058430671691895
2004-04-28,14.966161727905273
2004-04-29,14.79393482208252
2004-04-30,14.652451515197754
2004-05-03,14.757020950317383
2004-05-04,14.769329071044922
2004-05-05,14.787845611572266
2004-05-06,14.972993850708008
2004-05-07,14.608856201171875
2004-05-10,14.47924518585205
2004-05-11,14.577999114990234
2004-05-12,14.719947814941406
2004-05-13,14.917454719543457
2004-05-14,14.695265769958496
2004-05-17,14.497761726379395
2004-05-18,14.510104179382324
2004-05-19,14.497761726379395
2004-05-20,14.58416748046875
2004-05-21,14.71377944946289
2004-05-24,14.652057647705078
2004-05-25,14.664395332336426
2004-05-26,14.608856201171875
2004-05-27,14.874249458312988
2004-05-28,14.954487800598145
2004-06-01,14.806355476379395
2004-06-02,15.065572738647461
2004-06-03,15.065572738647461
2004-06-04,15.30628776550293
2004-06-07,15.707452774047852
2004-06-08,15.701278686523438
2004-06-09,15.287761688232422
2004-06-10,15.42354965209961
2004-06-14,15.11495304107666
2004-06-15,15.318620681762695
2004-06-16,15.472915649414062
2004-06-17,15.466748237609863
2004-06-18,15.429715156555176
2004-06-21,15.392680168151855
2004-06-22,15.330968856811523
2004-06-23,16.009872436523438
2004-06-24,15.979016304016113
2004-06-25,15.954325675964355
2004-06-28,15.991355895996094
2004-06-29,16.201202392578125
2004-06-30,16.367843627929688
2004-07-01,15.861751556396484
2004-07-02,15.528472900390625
2004-07-06,15.45440673828125
2004-07-07,15.762999534606934
2004-07-08,15.324789047241211
2004-07-09,15.886434555053711
2004-07-12,15.923470497131348
2004-07-13,15.84323501586914
2004-07-14,15.886434555053711
2004-07-15,16.034561157226562
2004-07-16,15.997529983520508
2004-07-19,16.01605224609375
2004-07-20,16.429576873779297
2004-07-21,16.114795684814453
2004-07-22,15.812371253967285
2004-07-23,15.670416831970215
2004-07-26,15.707452774047852
2004-07-27,15.985186576843262
2004-07-28,16.559185028076172
2004-07-29,16.664094924926758
2004-07-30,16.472766876220703
2004-08-02,16.64557647705078
2004-08-03,16.497461318969727
2004-08-04,16.788618087768555
2004-08-05,16.88774871826172
2004-08-06,16.26203727722168
2004-08-09,16.193891525268555
2004-08-10,16.61515998840332
2004-08-11,16.726673126220703
2004-08-12,16.293020248413086
2004-08-13,16.274431228637695
2004-08-16,16.751449584960938
2004-08-17,16.776226043701172
2004-08-18,16.968276977539062
2004-08-19,16.77003288269043
2004-08-20,17.073593139648438
2004-08-23,16.831989288330078
2004-08-24,17.017837524414062
2004-08-25,17.339981079101562
2004-08-26,17.352373123168945
2004-08-27,17.296615600585938
2004-08-30,17.383352279663086
2004-08-31,17.59398078918457
2004-09-01,17.62495994567871
2004-09-02,18.139144897460938
2004-09-03,18.132946014404297
2004-09-07,17.959489822387695
2004-09-08,18.089580535888672
2004-09-09,17.84797477722168
2004-09-10,18.058612823486328
2004-09-13,17.909927368164062
2004-09-14,17.767444610595703
2004-09-15,17.724075317382812
2004-09-16,17.965688705444336
2004-09-17,18.238262176513672
2004-09-20,18.02763557434082
2004-09-21,18.28782844543457
2004-09-22,18.071001052856445
2004-09-23,18.06480598449707
2004-09-24,18.20729637145996
2004-09-27,17.773637771606445
2004-09-28,18.02763557434082
2004-09-29,18.244462966918945
2004-09-30,18.424116134643555
2004-10-01,18.752458572387695
2004-10-04,18.888748168945312
2004-10-05,18.616159439086914
2004-10-06,19.10556983947754
2004-10-07,18.826799392700195
2004-10-08,19.01883888244629
2004-10-11,18.98168182373047
2004-10-12,19.161338806152344
2004-10-13,19.03122901916504
2004-10-14,19.173717498779297
2004-10-15,19.371963500976562
2004-10-18,19.68172264099121
2004-10-19,19.210891723632812
2004-10-20,19.254257202148438
2004-10-21,20.183513641357422
2004-10-22,20.189712524414062
2004-10-25,20.39415168762207
2004-10-26,20.50566291809082
2004-10-27,20.716293334960938
2004-10-28,20.604787826538086
2004-10-29,21.03223419189453
2004-11-01,21.156145095825195
2004-11-02,21.057029724121094
2004-11-03,21.243417739868164
2004-11-04,21.777761459350586
2004-11-05,21.641090393066406
2004-11-08,21.895822525024414
2004-11-09,22.051170349121094
2004-11-10,21.56650733947754
2004-11-11,21.734281539916992
2004-11-12,21.690771102905273
2004-11-15,21.498167037963867
2004-11-16,21.03838348388672
2004-11-17,21.0010986328125
2004-11-18,20.789852142333984
2004-11-19,20.59722900390625
2004-11-22,21.088075637817383
2004-11-23,21.15022087097168
2004-11-24,21.25584602355957
2004-11-26,21.34282875061035
2004-11-29,21.22478675842285
2004-11-30,21.33041763305664
2004-12-01,22.057361602783203
2004-12-02,21.98280143737793
2004-12-03,22.281051635742188
2004-12-06,22.038734436035156
2004-12-07,21.75290870666504
2004-12-08,21.877185821533203
2004-12-09,21.759136199951172
2004-12-10,21.8088321685791
2004-12-13,22.032516479492188
2004-12-14,22.318340301513672
2004-12-15,22.15678596496582
2004-12-16,21.815052032470703
2004-12-17,21.653507232666016
2004-12-20,21.839900970458984
2004-12-21,22.498516082763672
2004-12-22,22.37424659729004
2004-12-23,22.39288902282715
2004-12-27,22.212711334228516
2004-12-28,22.604135513305664
2004-12-29,22.678701400756836
2004-12-30,22.610355377197266
2004-12-31,22.486087799072266
2005-01-03,22.076004028320312
2005-01-04,21.895822525024414
2005-01-05,22.299680709838867
2005-01-06,22.622783660888672
2005-01-07,22.65384864807129
2005-01-10,22.548215866088867
2005-01-11,22.34939193725586
2005-01-12,22.312114715576172
2005-01-13,22.15057373046875
2005-01-14,22.504735946655273
2005-01-18,22.604135513305664
2005-01-19,22.455020904541016
2005-01-20,22.013879776000977
2005-01-21,21.945531845092773
2005-01-24,20.69664764404297
2005-01-25,21.56650733947754
2005-01-26,21.17506980895996
2005-01-27,21.1874942779541
2005-01-28,21.162647247314453
2005-01-31,21.696989059448242
2005-02-01,21.796405792236328
2005-02-02,21.76523780822754
2005-02-03,21.353872299194336
2005-02-04,21.93976402282715
2005-02-07,21.9958553314209
2005-02-08,22.039493560791016
2005-02-09,22.139198303222656
2005-02-10,22.307506561279297
2005-02-11,22.282577514648438
2005-02-14,21.9896297454834
2005-02-15,21.815107345581055
2005-02-16,21.59696388244629
2005-02-17,21.690444946289062
2005-02-18,22.058191299438477
2005-02-22,21.441143035888672
2005-02-23,21.933530807495117
2005-02-24,22.46956443786621
2005-02-25,22.787446975708008
2005-02-28,22.369831085205078
2005-03-01,22.731338500976562
2005-03-02,22.494497299194336
2005-03-03,22.93703269958496
2005-03-04,23.03053092956543
2005-03-07,23.44189453125
2005-03-08,23.448110580444336
2005-03-09,23.27983283996582
2005-03-10,23.379558563232422
2005-03-11,23.535377502441406
2005-03-14,23.541616439819336
2005-03-15,23.08660888671875
2005-03-16,22.806133270263672
2005-03-17,23.27983283996582
2005-03-18,23.473058700561523
2005-03-21,23.547842025756836
2005-03-22,23.809629440307617
2005-03-23,23.921817779541016
2005-03-24,23.697437286376953
2005-03-28,23.360864639282227
2005-03-29,22.675243377685547
2005-03-30,23.111536026000977
2005-03-31,23.092851638793945
2005-04-01,22.924558639526367
2005-04-04,23.148941040039062
2005-04-05,22.874706268310547
2005-04-06,22.76873016357422
2005-04-07,22.993112564086914
2005-04-08,21.715381622314453
2005-04-11,21.9833984375
2005-04-12,21.815107345581055
2005-04-13,20.86771011352539
2005-04-14,19.820579528808594
2005-04-15,19.10379981994629
2005-04-18,19.490234375
2005-04-19,20.26934814453125
2005-04-20,19.882905960083008
2005-04-21,20.562299728393555
2005-04-22,20.39400291442871
2005-04-25,20.917566299438477
2005-04-26,20.543603897094727
2005-04-27,19.970169067382812
2005-04-28,19.73331642150879
2005-04-29,19.57126808166504
2005-05-02,20.207021713256836
2005-05-03,19.84551239013672
2005-05-04,20.0706787109375
2005-05-05,20.045654296875
2005-05-06,20.03939437866211
2005-05-09,20.220781326293945
2005-05-10,19.645362854003906
2005-05-11,19.90806007385254
2005-05-12,19.245088577270508
2005-05-13,18.894821166992188
2005-05-16,19.238834381103516
2005-05-17,19.55780029296875
2005-05-18,20.05816078186035
2005-05-19,20.045654296875
2005-05-20,20.045654296875
2005-05-23,19.976856231689453
2005-05-24,19.782970428466797
2005-05-25,19.795475006103516
2005-05-26,19.920568466186523
2005-05-27,19.970600128173828
2005-05-31,19.964357376098633
2005-06-01,20.220781326293945
2005-06-02,20.227039337158203
2005-06-03,20.0706787109375
2005-06-06,20.05816078186035
2005-06-07,20.383403778076172
2005-06-08,19.80799102783203
2005-06-09,19.714168548583984
2005-06-10,19.632862091064453
2005-06-13,19.782970428466797
2005-06-14,19.751693725585938
2005-06-15,20.101943969726562
2005-06-16,20.395912170410156
2005-06-17,20.602306365966797
2005-06-20,20.295839309692383
2005-06-21,20.264562606811523
2005-06-22,20.158239364624023
2005-06-23,19.495262145996094
2005-06-24,18.97613525390625
2005-06-27,18.769737243652344
2005-06-28,19.55155372619629
2005-06-29,19.576570510864258
2005-06-30,19.363916397094727
2005-07-01,19.67038917541504
2005-07-05,19.55780029296875
2005-07-06,19.664133071899414
2005-07-07,19.545297622680664
2005-07-08,20.10820770263672
2005-07-11,20.395912170410156
2005-07-12,20.18326187133789
2005-07-13,20.07693099975586
2005-07-14,20.402164459228516
2005-07-15,20.74616050720215
2005-07-18,20.902523040771484
2005-07-19,20.871253967285156
2005-07-20,22.00957489013672
2005-07-21,21.96578025817871
2005-07-22,21.821937561035156
2005-07-25,21.58425521850586
2005-07-26,21.596773147583008
2005-07-27,22.578731536865234
2005-07-28,23.32926368713379
2005-07-29,23.27297592163086
2005-08-01,23.285486221313477
2005-08-02,23.429344177246094
2005-08-03,23.397960662841797
2005-08-04,23.272430419921875
2005-08-05,23.234777450561523
2005-08-08,23.15946388244629
2005-08-09,23.37912940979004
2005-08-10,23.15317726135254
2005-08-11,23.22222137451172
2005-08-12,23.253604888916016
2005-08-15,23.065319061279297
2005-08-16,22.84563446044922
2005-08-17,22.776607513427734
2005-08-18,22.70128631591797
2005-08-19,22.990001678466797
2005-08-22,23.134355545043945
2005-08-23,22.72011375427246
2005-08-24,22.877031326293945
2005-08-25,23.090421676635742
2005-08-26,22.895864486694336
2005-08-29,22.726390838623047
2005-08-30,22.36237907409668
2005-08-31,22.34982681274414
2005-09-01,22.550670623779297
2005-09-02,22.632253646850586
2005-09-06,22.78288459777832
2005-09-07,22.613431930541992
2005-09-08,22.575763702392578
2005-09-09,22.625978469848633
2005-09-12,22.96489715576172
2005-09-13,22.86446762084961
2005-09-14,22.833105087280273
2005-09-15,22.95233917236328
2005-09-16,23.416790008544922
2005-09-19,23.385406494140625
2005-09-20,23.9879207611084
2005-09-21,24.063249588012695
2005-09-22,24.107181549072266
2005-09-23,24.408422470092773
2005-09-26,24.326841354370117
2005-09-27,24.251537322998047
2005-09-28,25.136484146118164
2005-09-29,25.30594825744629
2005-09-30,25.456575393676758
2005-10-03,25.5130615234375
2005-10-04,25.24318504333496
2005-10-05,24.778745651245117
2005-10-06,25.023508071899414
2005-10-07,25.343603134155273
2005-10-10,24.810115814208984
2005-10-11,24.766183853149414
2005-10-12,24.383333206176758
2005-10-13,24.797565460205078
2005-10-14,24.772462844848633
2005-10-17,24.97958755493164
2005-10-18,24.753639221191406
2005-10-19,24.66576385498047
2005-10-20,24.690879821777344
2005-10-21,24.37078285217285
2005-10-24,24.948204040527344
2005-10-25,25.35616111755371
2005-10-26,24.2138729095459
2005-10-27,24.854053497314453
2005-10-28,24.954471588134766
2005-10-31,25.23062515258789
2005-11-01,25.418916702270508
2005-11-02,25.998193740844727
2005-11-03,26.426355361938477
2005-11-04,26.161907196044922
2005-11-07,26.420059204101562
2005-11-08,26.054874420166016
2005-11-09,26.35708236694336
2005-11-10,26.508207321166992
2005-11-11,26.690807342529297
2005-11-14,26.552276611328125
2005-11-15,26.659324645996094
2005-11-16,26.420059204101562
2005-11-17,26.93637466430664
2005-11-18,27.622684478759766
2005-11-21,27.704553604125977
2005-11-22,27.50934410095215
2005-11-23,27.71083641052246
2005-11-25,27.635278701782227
2005-11-28,27.717140197753906
2005-11-29,27.874542236328125
2005-11-30,27.855649948120117
2005-12-01,27.836763381958008
2005-12-02,27.786399841308594
2005-12-05,27.238605499267578
2005-12-06,27.301578521728516
2005-12-07,26.860807418823242
2005-12-08,26.94896697998047
2005-12-09,27.018226623535156
2005-12-12,27.049699783325195
2005-12-13,27.125272750854492
2005-12-14,27.53453826904297
2005-12-15,27.377126693725586
2005-12-16,27.08118438720703
2005-12-19,26.83563995361328
2005-12-20,27.03082275390625
2005-12-21,27.76750946044922
2005-12-22,27.924922943115234
2005-12-23,28.460119247436523
2005-12-27,28.214563369750977
2005-12-28,28.302711486816406
2005-12-29,28.309005737304688
2005-12-30,28.227144241333008
2006-01-03,27.358243942260742
2006-01-04,27.42120361328125
2006-01-05,26.98044204711914
2006-01-06,26.54598045349121
2006-01-09,26.690807342529297
2006-01-10,26.709688186645508
2006-01-11,26.76007652282715
2006-01-12,26.709688186645508
2006-01-13,26.74748992919922
2006-01-17,26.70340347290039
2006-01-18,27.074888229370117
2006-01-19,28.08233642578125
2006-01-20,27.874542236328125
2006-01-23,28.617542266845703
2006-01-24,28.837921142578125
2006-01-25,29.996456146240234
2006-01-26,31.387989044189453
2006-01-27,31.155025482177734
2006-01-30,31.262062072753906
2006-01-31,31.381702423095703
2006-02-01,31.299577713012695
2006-02-02,30.819507598876953
2006-02-03,31.10373306274414
2006-02-06,31.425905227661133
2006-02-07,30.920560836791992
2006-02-08,30.509979248046875
2006-02-09,30.560504913330078
2006-02-10,30.9521484375
2006-02-13,30.491016387939453
2006-02-14,31.356412887573242
2006-02-15,32.07020950317383
2006-02-16,31.583829879760742
2006-02-17,31.173248291015625
2006-02-21,31.710145950317383
2006-02-22,32.089168548583984
2006-02-23,31.77333641052246
2006-02-24,31.558570861816406
2006-02-27,32.41765213012695
2006-02-28,32.32921600341797
2006-03-01,32.897708892822266
2006-03-02,32.600826263427734
2006-03-03,32.9229850769043
2006-03-06,32.670318603515625
2006-03-07,31.672258377075195
2006-03-08,30.926897048950195
2006-03-09,31.173248291015625
2006-03-10,32.10812759399414
2006-03-13,32.34815216064453
2006-03-14,32.5250358581543
2006-03-15,34.060001373291016
2006-03-16,33.88945388793945
2006-03-17,34.07262420654297
2006-03-20,34.10422134399414
2006-03-21,33.81996154785156
2006-03-22,34.571659088134766
2006-03-23,33.40937042236328
2006-03-24,33.66835403442383
2006-03-27,33.9210319519043
2006-03-28,33.838905334472656
2006-03-29,33.79469680786133
2006-03-30,33.984195709228516
2006-03-31,34.15475082397461
2006-04-03,34.84327697753906
2006-04-04,35.203346252441406
2006-04-05,35.462310791015625
2006-04-06,35.588661193847656
2006-04-07,34.363216400146484
2006-04-10,34.1926383972168
2006-04-11,34.12318801879883
2006-04-12,34.4958610534668
2006-04-13,34.00947189331055
2006-04-17,34.015777587890625
2006-04-18,35.594970703125
2006-04-19,35.291770935058594
2006-04-20,35.13385009765625
2006-04-21,35.48759841918945
2006-04-24,35.79711151123047
2006-04-25,34.26845169067383
2006-04-26,34.98224639892578
2006-04-27,34.36952590942383
2006-04-28,34.11052703857422
2006-05-01,34.71061706542969
2006-05-02,35.05173110961914
2006-05-03,35.4128303527832
2006-05-04,35.602874755859375
2006-05-05,35.602874755859375
2006-05-08,35.514183044433594
2006-05-09,35.8816032409668
2006-05-10,36.3314094543457
2006-05-11,35.482505798339844
2006-05-12,34.443572998046875
2006-05-15,34.05713653564453
2006-05-16,34.1204833984375
2006-05-17,32.7077751159668
2006-05-18,31.485109329223633
2006-05-19,32.00459289550781
2006-05-22,32.422691345214844
2006-05-23,33.10053253173828
2006-05-24,32.54938507080078
2006-05-25,33.049861907958984
2006-05-26,33.53765869140625
2006-05-30,32.75844192504883
2006-05-31,33.42362594604492
2006-06-01,33.48064422607422
2006-06-02,33.95577621459961
2006-06-05,32.68877410888672
2006-06-06,32.600074768066406
2006-06-07,31.3013858795166
2006-06-08,31.523128509521484
2006-06-09,30.750242233276367
2006-06-12,30.585540771484375
2006-06-13,30.699552536010742
2006-06-14,31.516767501831055
2006-06-15,32.194637298583984
2006-06-16,31.94122314453125
2006-06-19,31.39007568359375
2006-06-20,31.39007568359375
2006-06-21,32.36566925048828
2006-06-22,32.2199592590332
2006-06-23,32.23897171020508
2006-06-26,32.27698516845703
2006-06-27,31.46610450744629
2006-06-28,32.295989990234375
2006-06-29,33.303253173828125
2006-06-30,33.71504211425781
2006-07-03,34.05079650878906
2006-07-05,34.03813171386719
2006-07-06,33.10687255859375
2006-07-07,32.65709686279297
2006-07-10,32.878822326660156
2006-07-11,32.83447265625
2006-07-12,31.903202056884766
2006-07-13,31.706836700439453
2006-07-14,31.231698989868164
2006-07-17,31.326730728149414
2006-07-18,31.953889846801758
2006-07-19,32.24531555175781
2006-07-20,30.167415618896484
2006-07-21,29.375537872314453
2006-07-24,29.742965698242188
2006-07-25,28.6660213470459
2006-07-26,26.227035522460938
2006-07-27,27.405353546142578
2006-07-28,27.722095489501953
2006-07-31,27.50670051574707
2006-08-01,26.664142608642578
2006-08-02,27.173131942749023
2006-08-03,27.497596740722656
2006-08-04,26.676870346069336
2006-08-07,26.422391891479492
2006-08-08,26.543262481689453
2006-08-09,25.862516403198242
2006-08-10,26.14881134033203
2006-08-11,26.040651321411133
2006-08-14,26.396940231323242
2006-08-15,27.503955841064453
2006-08-16,28.680988311767578
2006-08-17,28.25471305847168
2006-08-18,28.178359985351562
2006-08-21,27.01407241821289
2006-08-22,27.179475784301758
2006-08-23,27.045883178710938
2006-08-24,26.416025161743164
2006-08-25,26.975900650024414
2006-08-28,26.931364059448242
2006-08-29,26.912273406982422
2006-08-30,26.759584426879883
2006-08-31,27.18585205078125
2006-09-01,27.1095027923584
2006-09-05,26.75322151184082
2006-09-06,26.377853393554688
2006-09-07,26.49236488342285
2006-09-08,26.282407760620117
2006-09-11,26.473281860351562
2006-09-12,27.12860679626465
2006-09-13,27.796627044677734
2006-09-14,27.885704040527344
2006-09-15,27.389448165893555
2006-09-18,28.502840042114258
2006-09-19,27.497596740722656
2006-09-20,27.045883178710938
2006-09-21,26.441465377807617
2006-09-22,26.575071334838867
2006-09-25,26.74684715270996
2006-09-26,27.44670867919922
2006-09-27,27.77754020690918
2006-09-28,27.643924713134766
2006-09-29,28.025667190551758
2006-10-02,27.31310272216797
2006-10-03,27.758460998535156
2006-10-04,28.93545913696289
2006-10-05,29.374462127685547
2006-10-06,29.075437545776367
2006-10-09,29.107250213623047
2006-10-10,29.18996238708496
2006-10-11,29.081804275512695
2006-10-12,29.361738204956055
2006-10-13,29.788013458251953
2006-10-16,30.51968002319336
2006-10-17,30.34152603149414
2006-10-18,30.94593048095703
2006-10-19,30.844146728515625
2006-10-20,30.66598892211914
2006-10-23,30.984098434448242
2006-10-24,31.047739028930664
2006-10-25,34.18431854248047
2006-10-26,34.0379753112793
2006-10-27,33.92982482910156
2006-10-30,33.891639709472656
2006-10-31,33.44629669189453
2006-11-01,33.554832458496094
2006-11-02,34.07194519042969
2006-11-03,33.08879089355469
2006-11-06,33.19093322753906
2006-11-07,33.74634552001953
2006-11-08,33.71442413330078
2006-11-09,33.58674621582031
2006-11-10,33.58674621582031
2006-11-13,33.631439208984375
2006-11-14,31.856645584106445
2006-11-15,32.386531829833984
2006-11-16,32.71211624145508
2006-11-17,32.616371154785156
2006-11-20,32.182247161865234
2006-11-21,32.17586135864258
2006-11-22,31.920495986938477
2006-11-24,31.77366828918457
2006-11-27,31.805585861206055
2006-11-28,31.001184463500977
2006-11-29,31.05864715576172
2006-11-30,31.441694259643555
2006-12-01,31.243785858154297
2006-12-04,32.067325592041016
2006-12-05,32.89725875854492
2006-12-06,32.3737678527832
2006-12-07,32.60999298095703
2006-12-08,32.335472106933594
2006-12-11,32.5269775390625
2006-12-12,32.16947937011719
2006-12-13,31.799190521240234
2006-12-14,32.92279815673828
2006-12-15,32.641910552978516
2006-12-18,32.59720993041992
2006-12-19,32.6546745300293
2006-12-20,31.460844039916992
2006-12-21,31.74175262451172
2006-12-22,31.237382888793945
2006-12-26,31.396989822387695
2006-12-27,32.12480163574219
2006-12-28,32.23970031738281
2006-12-29,32.10564041137695
2007-01-03,31.428922653198242
2007-01-04,30.905412673950195
2007-01-05,31.40976905822754
2007-01-08,31.230989456176758
2007-01-09,31.007568359375
2007-01-10,30.764978408813477
2007-01-11,31.37147331237793
2007-01-12,32.11202621459961
2007-01-16,33.2100830078125
2007-01-17,32.820655822753906
2007-01-18,33.5101318359375
2007-01-19,33.822959899902344
2007-01-22,33.267555236816406
2007-01-23,34.30176544189453
2007-01-24,32.309932708740234
2007-01-25,31.167163848876953
2007-01-26,30.64369773864746
2007-01-29,30.362775802612305
2007-01-30,30.35000991821289
2007-01-31,31.844417572021484
2007-02-01,32.293392181396484
2007-02-02,32.63331604003906
2007-02-05,32.062496185302734
2007-02-06,31.98554039001465
2007-02-07,31.87006378173828
2007-02-08,31.43394660949707
2007-02-09,31.389047622680664
2007-02-12,31.055522918701172
2007-02-13,32.33186721801758
2007-02-14,33.51201629638672
2007-02-15,33.056617736816406
2007-02-16,32.82572555541992
2007-02-20,32.98606872558594
2007-02-21,33.37089538574219
2007-02-22,32.832157135009766
2007-02-23,32.67820358276367
2007-02-26,31.876497268676758
2007-02-27,30.3692684173584
2007-02-28,30.414161682128906
2007-03-01,30.15117645263672
2007-03-02,29.721466064453125
2007-03-05,29.52904510498047
2007-03-06,29.888216018676758
2007-03-07,30.580902099609375
2007-03-08,31.1517276763916
2007-03-09,31.132490158081055
2007-03-12,31.43394660949707
2007-03-13,30.792564392089844
2007-03-14,30.260221481323242
2007-03-15,30.734838485717773
2007-03-16,31.280017852783203
2007-03-19,31.44036102294922
2007-03-20,31.510910034179688
2007-03-21,31.684066772460938
2007-03-22,31.979116439819336
2007-03-23,33.332427978515625
2007-03-26,32.54995346069336
2007-03-27,32.319034576416016
2007-03-28,32.09455871582031
2007-03-29,32.02399826049805
2007-03-30,32.453731536865234
2007-04-02,32.43448257446289
2007-04-03,32.60124206542969
2007-04-04,32.748748779296875
2007-04-05,32.69744873046875
2007-04-09,33.92249298095703
2007-04-10,33.8262939453125
2007-04-11,33.26188278198242
2007-04-12,34.865325927734375
2007-04-13,34.56386184692383
2007-04-16,35.179588317871094
2007-04-17,34.66007614135742
2007-04-18,35.327110290527344
2007-04-19,35.859458923339844
2007-04-20,35.95566940307617
2007-04-23,35.74399185180664
2007-04-24,35.641387939453125
2007-04-25,35.67343521118164
2007-04-26,34.172630310058594
2007-04-27,34.39070510864258
2007-04-30,34.15338897705078
2007-05-01,33.76856231689453
2007-05-02,33.7105712890625
2007-05-03,34.59940719604492
2007-05-04,34.72820281982422
2007-05-07,34.367557525634766
2007-05-08,35.17263412475586
2007-05-09,35.27566909790039
2007-05-10,34.77974319458008
2007-05-11,35.56550598144531
2007-05-14,35.372276306152344
2007-05-15,35.98414611816406
2007-05-16,36.576698303222656
2007-05-17,37.562137603759766
2007-05-18,37.43975067138672
2007-05-21,37.03398895263672
2007-05-22,36.89873123168945
2007-05-23,37.13059997558594
2007-05-24,36.92448425292969
2007-05-25,36.86008071899414
2007-05-29,37.117713928222656
2007-05-30,37.00821304321289
2007-05-31,37.278751373291016
2007-06-01,37.76823806762695
2007-06-04,37.73602294921875
2007-06-05,37.336708068847656
2007-06-06,36.40925598144531
2007-06-07,34.85703659057617
2007-06-08,35.35297775268555
2007-06-11,35.101776123046875
2007-06-12,34.399749755859375
2007-06-13,35.198387145996094
2007-06-14,35.68788146972656
2007-06-15,35.99059295654297
2007-06-18,35.57838821411133
2007-06-19,36.222469329833984
2007-06-20,35.50753402709961
2007-06-21,35.62345886230469
2007-06-22,34.721771240234375
2007-06-25,34.36109161376953
2007-06-26,33.65262985229492
2007-06-27,33.97465515136719
2007-06-28,34.29025650024414
2007-06-29,33.85872268676758
2007-07-02,34.509246826171875
2007-07-03,34.92143630981445
2007-07-05,34.45771026611328
2007-07-06,34.792625427246094
2007-07-09,35.44957733154297
2007-07-10,34.47703552246094
2007-07-11,35.1468620300293
2007-07-12,35.932621002197266
2007-07-13,35.97127151489258
2007-07-16,36.49296951293945
2007-07-17,36.467201232910156
2007-07-18,37.45264434814453
2007-07-19,37.24653625488281
2007-07-20,36.608890533447266
2007-07-23,36.679744720458984
2007-07-24,35.75873565673828
2007-07-25,35.088890075683594
2007-07-26,34.051944732666016
2007-07-27,33.7105712890625
2007-07-30,34.68956756591797
2007-07-31,34.63805389404297
2007-08-01,34.82573318481445
2007-08-02,34.81925964355469
2007-08-03,32.90354537963867
2007-08-06,32.547603607177734
2007-08-07,32.450531005859375
2007-08-08,32.476417541503906
2007-08-09,31.660940170288086
2007-08-10,33.20126724243164
2007-08-13,33.51839828491211
2007-08-14,32.411678314208984
2007-08-15,31.952173233032227
2007-08-16,32.450531005859375
2007-08-17,32.98769760131836
2007-08-20,33.952022552490234
2007-08-21,33.72548294067383
2007-08-22,34.256195068359375
2007-08-23,32.994163513183594
2007-08-24,33.35012435913086
2007-08-27,32.994163513183594
2007-08-28,32.49583435058594
2007-08-29,33.376007080078125
2007-08-30,32.67704772949219
2007-08-31,33.14302062988281
2007-09-04,33.35658645629883
2007-09-05,32.63173294067383
2007-09-06,32.6252555847168
2007-09-07,32.139869689941406
2007-09-10,31.777446746826172
2007-09-11,32.35990524291992
2007-09-12,32.72233200073242
2007-09-13,33.376007080078125
2007-09-14,32.948856353759766
2007-09-17,32.36638259887695
2007-09-18,33.78373718261719
2007-09-19,33.33070755004883
2007-09-20,33.16243362426758
2007-09-21,33.16889953613281
2007-09-24,32.70940017700195
2007-09-25,33.337188720703125
2007-09-26,33.6090087890625
2007-09-27,33.654319763183594
2007-09-28,33.596046447753906
2007-10-01,33.77079391479492
2007-10-02,33.69313049316406
2007-10-03,32.73527526855469
2007-10-04,33.110660552978516
2007-10-05,34.56039810180664
2007-10-08,34.269142150878906
2007-10-09,34.96811294555664
2007-10-10,34.49565887451172
2007-10-11,34.320926666259766
2007-10-12,34.68983840942383
2007-10-15,34.398582458496094
2007-10-16,33.75138854980469
2007-10-17,34.06852340698242
2007-10-18,34.54096603393555
2007-10-19,33.596046447753906
2007-10-22,34.08144760131836
2007-10-23,34.94870376586914
2007-10-24,33.86787796020508
2007-10-25,33.291873931884766
2007-10-26,33.10417938232422
2007-10-29,33.55074691772461
2007-10-30,33.13654708862305
2007-10-31,33.59840393066406
2007-11-01,32.700714111328125
2007-11-02,33.071502685546875
2007-11-05,33.09101486206055
2007-11-06,33.31217956542969
2007-11-07,32.77876281738281
2007-11-08,33.13654708862305
2007-11-09,32.830810546875
2007-11-12,32.02420425415039
2007-11-13,32.72674560546875
2007-11-14,32.505550384521484
2007-11-15,32.59663772583008
2007-11-16,32.811302185058594
2007-11-19,32.18032455444336
2007-11-20,32.24536895751953
2007-11-21,31.659908294677734
2007-11-23,32.232357025146484
2007-11-26,31.835554122924805
2007-11-27,32.590126037597656
2007-11-28,33.39023208618164
2007-11-29,33.01945877075195
2007-11-30,33.31217956542969
2007-12-03,33.448795318603516
2007-12-04,33.2991828918457
2007-12-05,33.78055191040039
2007-12-06,34.47007751464844
2007-12-07,34.68473434448242
2007-12-10,34.294456481933594
2007-12-11,33.42926788330078
2007-12-12,33.12353515625
2007-12-13,33.507347106933594
2007-12-14,32.94139862060547
2007-12-17,32.564117431640625
2007-12-18,32.55110168457031
2007-12-19,31.933122634887695
2007-12-20,32.16729736328125
2007-12-21,32.518585205078125
2007-12-24,33.15606689453125
2007-12-26,33.22762680053711
2007-12-27,33.077999114990234
2007-12-28,33.17557907104492
2007-12-31,32.811302185058594
2008-01-02,32.14128112792969
2008-01-03,31.705446243286133
2008-01-04,31.146015167236328
2008-01-07,31.34116554260254
2008-01-08,30.423954010009766
2008-01-09,30.75571060180664
2008-01-10,31.08746337890625
2008-01-11,30.22229766845703
2008-01-14,30.768726348876953
2008-01-15,30.085695266723633
2008-01-16,30.053159713745117
2008-01-17,29.20101547241211
2008-01-18,28.71963882446289
2008-01-22,29.318098068237305
2008-01-23,32.14128112792969
2008-01-24,33.0064582824707
2008-01-25,33.0064582824707
2008-01-28,33.82607650756836
2008-01-29,34.287925720214844
2008-01-30,34.07207107543945
2008-01-31,35.57651901245117
2008-02-01,36.819313049316406
2008-02-04,35.74658203125
2008-02-05,34.6476936340332
2008-02-06,35.184059143066406
2008-02-07,35.190589904785156
2008-02-08,35.589595794677734
2008-02-11,36.09324645996094
2008-02-12,35.321407318115234
2008-02-13,36.06709671020508
2008-02-14,35.55689239501953
2008-02-15,35.28215408325195
2008-02-19,34.804683685302734
2008-02-20,34.752342224121094
2008-02-21,34.37297058105469
2008-02-22,34.785037994384766
2008-02-25,35.452232360839844
2008-02-26,36.19138717651367
2008-02-27,36.03438186645508
2008-02-28,35.70079040527344
2008-02-29,34.59537124633789
2008-03-03,35.04669189453125
2008-03-04,35.027061462402344
2008-03-05,35.59614181518555
2008-03-06,34.24213790893555
2008-03-07,33.97396469116211
2008-03-10,33.45069122314453
2008-03-11,34.66730499267578
2008-03-12,34.82428741455078
2008-03-13,35.31486892700195
2008-03-14,34.62153244018555
2008-03-17,34.64113998413086
2008-03-18,37.211769104003906
2008-03-19,34.281394958496094
2008-03-20,34.71310806274414
2008-03-24,35.54380416870117
2008-03-25,36.7996826171875
2008-03-26,35.60924530029297
2008-03-27,35.48493194580078
2008-03-28,35.48493194580078
2008-03-31,35.530723571777344
2008-04-01,36.04747772216797
2008-04-02,36.662315368652344
2008-04-03,37.1921501159668
2008-04-04,37.15290832519531
2008-04-07,37.29680252075195
2008-04-08,37.15290832519531
2008-04-09,35.93626403808594
2008-04-10,36.26984405517578
2008-04-11,35.96897888183594
2008-04-14,36.7538948059082
2008-04-15,37.6957893371582
2008-04-16,39.28526306152344
2008-04-17,38.938575744628906
2008-04-18,40.31874465942383
2008-04-21,40.18791198730469
2008-04-22,39.99169921875
2008-04-23,38.42184066772461
2008-04-24,39.200225830078125
2008-04-25,39.331031799316406
2008-04-28,39.37684631347656
2008-04-29,39.23946762084961
2008-04-30,39.16061019897461
2008-05-01,39.9033203125
2008-05-02,39.56153869628906
2008-05-05,39.56153869628906
2008-05-06,40.92869186401367
2008-05-07,40.21225357055664
2008-05-08,40.935245513916016
2008-05-09,40.685489654541016
2008-05-12,41.65826416015625
2008-05-13,42.341827392578125
2008-05-14,41.9277229309082
2008-05-15,42.38783264160156
2008-05-16,42.2695198059082
2008-05-19,42.55872344970703
2008-05-20,42.66387939453125
2008-05-21,41.9277229309082
2008-05-22,41.73714065551758
2008-05-23,41.23760223388672
2008-05-27,42.006614685058594
2008-05-28,42.190643310546875
2008-05-29,43.93900680541992
2008-05-30,44.2873649597168
2008-06-02,43.88642883300781
2008-06-03,43.05168533325195
2008-06-04,42.72305679321289
2008-06-05,44.00473403930664
2008-06-06,42.18408203125
2008-06-09,42.874237060546875
2008-06-10,42.453548431396484
2008-06-11,40.001930236816406
2008-06-12,40.67234420776367
2008-06-13,41.684547424316406
2008-06-16,41.8883056640625
2008-06-17,40.830078125
2008-06-18,40.7906379699707
2008-06-19,42.50614547729492
2008-06-20,41.89487838745117
2008-06-23,41.198158264160156
2008-06-24,41.158729553222656
2008-06-25,41.329620361328125
2008-06-26,40.21882247924805
2008-06-27,40.12022399902344
2008-06-30,41.191585540771484
2008-07-01,40.166236877441406
2008-07-02,38.00379180908203
2008-07-03,38.720245361328125
2008-07-07,38.687374114990234
2008-07-08,40.80379104614258
2008-07-09,39.666709899902344
2008-07-10,40.954978942871094
2008-07-11,40.60660934448242
2008-07-14,40.2451057434082
2008-07-15,40.001930236816406
2008-07-16,41.8817253112793
2008-07-17,41.7239875793457
2008-07-18,41.684547424316406
2008-07-21,41.76341247558594
2008-07-22,43.17656707763672
2008-07-23,45.9831428527832
2008-07-24,45.96998977661133
2008-07-25,46.08176040649414
2008-07-28,45.36530303955078
2008-07-29,47.77751922607422
2008-07-30,48.615936279296875
2008-07-31,47.48044967651367
2008-08-01,46.62220764160156
2008-08-04,46.311912536621094
2008-08-05,48.15381622314453
2008-08-06,47.95576477050781
2008-08-07,46.84004592895508
2008-08-08,48.55653381347656
2008-08-11,47.691680908203125
2008-08-12,45.38105010986328
2008-08-13,46.1534538269043
2008-08-14,46.53636169433594
2008-08-15,46.59577178955078
2008-08-18,45.84978103637695
2008-08-19,44.86610412597656
2008-08-20,44.81989288330078
2008-08-21,45.90919494628906
2008-08-22,46.866458892822266
2008-08-25,46.21289825439453
2008-08-26,46.562774658203125
2008-08-27,47.5200309753418
2008-08-28,48.60932922363281
2008-08-29,48.54332733154297
2008-09-02,46.19968032836914
2008-09-03,45.69133758544922
2008-09-04,43.974853515625
2008-09-05,43.82962417602539
2008-09-08,44.56904220581055
2008-09-09,41.30112075805664
2008-09-10,43.22224044799805
2008-09-11,45.20941162109375
2008-09-12,44.8726921081543
2008-09-15,43.48630905151367
2008-09-16,45.43385696411133
2008-09-17,44.58884811401367
2008-09-18,45.63191604614258
2008-09-19,46.4505500793457
2008-09-22,44.21253204345703
2008-09-23,43.96824264526367
2008-09-24,43.47312545776367
2008-09-25,44.80667495727539
2008-09-26,46.16664505004883
2008-09-29,43.242042541503906
2008-09-30,43.71078109741211
2008-10-01,42.9383544921875
2008-10-02,37.392822265625
2008-10-03,37.08252716064453
2008-10-06,37.61067581176758
2008-10-07,35.98662185668945
2008-10-08,36.05264663696289
2008-10-09,34.43519592285156
2008-10-10,34.36256790161133
2008-10-13,38.15202331542969
2008-10-14,36.52798843383789
2008-10-15,33.18745422363281
2008-10-16,34.9765510559082
2008-10-17,34.686058044433594
2008-10-20,36.87786865234375
2008-10-21,35.564109802246094
2008-10-22,36.00642395019531
2008-10-23,36.032833099365234
2008-10-24,35.06896209716797
2008-10-27,34.547428131103516
2008-10-28,37.848331451416016
2008-10-29,38.23126983642578
2008-10-30,38.84522247314453
2008-10-31,39.571414947509766
2008-11-03,38.693389892578125
2008-11-04,40.2052001953125
2008-11-05,37.87572479248047
2008-11-06,35.69224548339844
2008-11-07,35.652435302734375
2008-11-10,36.51518630981445
2008-11-11,36.32271957397461
2008-11-12,33.89369583129883
2008-11-13,35.89796829223633
2008-11-14,34.497642517089844
2008-11-17,33.223384857177734
2008-11-18,33.26319885253906
2008-11-19,30.08422088623047
2008-11-20,28.730331420898438
2008-11-21,30.316497802734375
2008-11-24,31.750030517578125
2008-11-25,32.0885009765625
2008-11-26,32.8650016784668
2008-11-28,32.83181381225586
2008-12-01,30.256771087646484
2008-12-02,31.604034423828125
2008-12-03,30.767799377441406
2008-12-04,30.588613510131836
2008-12-05,30.621782302856445
2008-12-08,32.40043258666992
2008-12-09,31.106266021728516
2008-12-10,32.115047454833984
2008-12-11,30.668241500854492
2008-12-12,29.546648025512695
2008-12-15,29.21480941772461
2008-12-16,30.734615325927734
2008-12-17,31.823040008544922
2008-12-18,30.462509155273438
2008-12-19,29.573184967041016
2008-12-22,29.619644165039062
2008-12-23,29.168363571166992
2008-12-24,28.98252296447754
2008-12-26,29.44045639038086
2008-12-29,29.22809600830078
2008-12-30,30.197040557861328
2008-12-31,31.225725173950195
2009-01-02,32.56634521484375
2009-01-05,32.18804168701172
2009-01-06,33.11719512939453
2009-01-07,31.577465057373047
2009-01-08,31.61730194091797
2009-01-09,30.893896102905273
2009-01-12,28.74359703063965
2009-01-13,27.967100143432617
2009-01-14,26.228290557861328
2009-01-15,25.750438690185547
2009-01-16,25.093420028686523
2009-01-20,23.414323806762695
2009-01-21,23.49396324157715
2009-01-22,23.606788635253906
2009-01-23,22.66437339782715
2009-01-26,23.42759132385254
2009-01-27,24.98723030090332
2009-01-28,26.453941345214844
2009-01-29,25.358877182006836
2009-01-30,25.458431243896484
2009-02-02,24.92085838317871
2009-02-03,25.15314483642578
2009-02-04,25.86970329284668
2009-02-05,26.459009170532227
2009-02-06,27.637649536132812
2009-02-09,27.604150772094727
2009-02-10,25.715662002563477
2009-02-11,25.461196899414062
2009-02-12,24.650875091552734
2009-02-13,25.26698112487793
2009-02-17,23.887439727783203
2009-02-18,23.81378746032715
2009-02-19,22.795866012573242
2009-02-20,22.74898910522461
2009-02-23,21.577054977416992
2009-02-24,22.414155960083008
2009-02-25,21.804744720458984
2009-02-26,21.677499771118164
2009-02-27,21.242218017578125
2009-03-02,19.79570960998535
2009-03-03,19.507741928100586
2009-03-04,20.076976776123047
2009-03-05,18.24874496459961
2009-03-06,18.35590362548828
2009-03-09,18.047849655151367
2009-03-10,18.89164161682129
2009-03-11,19.03897476196289
2009-03-12,20.05018424987793
2009-03-13,19.608196258544922
2009-03-16,20.786828994750977
2009-03-17,21.09488868713379
2009-03-18,20.960956573486328
2009-03-19,21.0613956451416
2009-03-20,20.398422241210938
2009-03-23,22.33378791809082
2009-03-24,22.909704208374023
2009-03-25,22.474424362182617
2009-03-26,24.068260192871094
2009-03-27,23.35840606689453
2009-03-30,22.186458587646484
2009-03-31,22.601661682128906
2009-04-01,23.130714416503906
2009-04-02,24.71115493774414
2009-04-03,25.079471588134766
2009-04-06,24.369606018066406
2009-04-07,23.55930519104004
2009-04-08,24.2691707611084
2009-04-09,25.012510299682617
2009-04-13,24.771421432495117
2009-04-14,24.4097957611084
2009-04-15,24.78482437133789
2009-04-16,24.925451278686523
2009-04-17,25.307167053222656
2009-04-20,23.874059677124023
2009-04-21,25.025907516479492
2009-04-22,25.112958908081055
2009-04-23,25.568330764770508
2009-04-24,25.307167053222656
2009-04-27,24.054859161376953
2009-04-28,23.28473663330078
2009-04-29,24.01512336730957
2009-04-30,24.130094528198242
2009-05-01,24.21124839782715
2009-05-04,25.63823127746582
2009-05-05,24.995763778686523
2009-05-06,25.496213912963867
2009-05-07,25.043092727661133
2009-05-08,25.705862045288086
2009-05-11,24.644088745117188
2009-05-12,24.691417694091797
2009-05-13,23.643171310424805
2009-05-14,23.332075119018555
2009-05-15,23.724328994750977
2009-05-18,24.515573501586914
2009-05-19,24.3870906829834
2009-05-20,24.799631118774414
2009-05-21,23.28473663330078
2009-05-22,23.812246322631836
2009-05-26,24.657611846923828
2009-05-27,23.622882843017578
2009-05-28,23.927217483520508
2009-05-29,25.158063888549805
2009-06-01,26.720294952392578
2009-06-02,27.13960075378418
2009-06-03,26.375377655029297
2009-06-04,27.3492431640625
2009-06-05,27.525094985961914
2009-06-08,27.687395095825195
2009-06-09,27.81589126586914
2009-06-10,27.4168758392334
2009-06-11,27.356008529663086
2009-06-12,27.88351821899414
2009-06-15,26.517406463623047
2009-06-16,26.307758331298828
2009-06-17,25.942567825317383
2009-06-18,25.780250549316406
2009-06-19,26.01018714904785
2009-06-22,24.61703872680664
2009-06-23,24.650848388671875
2009-06-24,24.95517921447754
2009-06-25,26.36186408996582
2009-06-26,26.503881454467773
2009-06-29,25.847883224487305
2009-06-30,25.475927352905273
2009-07-01,25.82082176208496
2009-07-02,24.95517921447754
2009-07-06,25.11748504638672
2009-07-07,24.258586883544922
2009-07-08,24.414142608642578
2009-07-09,24.50206184387207
2009-07-10,24.786109924316406
2009-07-13,25.286558151245117
2009-07-14,26.226606369018555
2009-07-15,27.28839111328125
2009-07-16,27.673864364624023
2009-07-17,27.99173355102539
2009-07-20,28.979110717773438
2009-07-21,29.330785751342773
2009-07-22,29.682464599609375
2009-07-23,30.676605224609375
2009-07-24,30.324949264526367
2009-07-27,30.51429557800293
2009-07-28,29.506629943847656
2009-07-29,28.945293426513672
2009-07-30,29.046743392944336
2009-07-31,29.249631881713867
2009-08-03,30.00031280517578
2009-08-04,30.05442237854004
2009-08-05,29.60462760925293
2009-08-06,29.39336585998535
2009-08-07,31.60143280029297
2009-08-10,30.78364372253418
2009-08-11,31.649145126342773
2009-08-12,31.928565979003906
2009-08-13,33.1143798828125
2009-08-14,32.214805603027344
2009-08-17,30.892675399780273
2009-08-18,31.424243927001953
2009-08-19,31.12437629699707
2009-08-20,31.66277313232422
2009-08-21,32.398799896240234
2009-08-24,32.037601470947266
2009-08-25,31.94218635559082
2009-08-26,31.492393493652344
2009-08-27,31.690044403076172
2009-08-28,31.969463348388672
2009-08-31,31.260677337646484
2009-09-01,30.90630340576172
2009-09-02,30.320201873779297
2009-09-03,31.908113479614258
2009-09-04,32.685020446777344
2009-09-08,32.37836456298828
2009-09-09,32.97808074951172
2009-09-10,33.55055618286133
2009-09-11,33.175724029541016
2009-09-14,33.414241790771484
2009-09-15,33.23705291748047
2009-09-16,32.36473083496094
2009-09-17,31.785449981689453
2009-09-18,31.581008911132812
2009-09-21,31.28794288635254
2009-09-22,31.66960334777832
2009-09-23,31.185710906982422
2009-09-24,30.701852798461914
2009-09-25,29.95901107788086
2009-09-28,30.299760818481445
2009-09-29,29.884042739868164
2009-09-30,29.379724502563477
2009-10-01,29.727312088012695
2009-10-02,29.481962203979492
2009-10-05,30.033964157104492
2009-10-06,30.23161506652832
2009-10-07,30.265689849853516
2009-10-08,31.240251541137695
2009-10-09,31.45832061767578
2009-10-12,31.315210342407227
2009-10-13,31.131196975708008
2009-10-14,32.90310287475586
2009-10-15,33.14164352416992
2009-10-16,33.496028900146484
2009-10-19,33.85723114013672
2009-10-20,33.7481803894043
2009-10-21,33.13483810424805
2009-10-22,33.15526580810547
2009-10-23,31.949005126953125
2009-10-26,31.983070373535156
2009-10-27,31.38336753845215
2009-10-28,31.519657135009766
2009-10-29,32.119388580322266
2009-10-30,31.771821975708008
2009-11-02,31.778627395629883
2009-11-03,33.496028900146484
2009-11-04,34.21659851074219
2009-11-05,34.99892044067383
2009-11-06,35.73320388793945
2009-11-09,35.65086364746094
2009-11-10,35.54792404174805
2009-11-11,35.65772247314453
2009-11-12,35.1773567199707
2009-11-13,35.45869827270508
2009-11-16,35.45183563232422
2009-11-17,35.4655647277832
2009-11-18,35.424400329589844
2009-11-19,34.944026947021484
2009-11-20,35.27342987060547
2009-11-23,35.69889831542969
2009-11-24,35.3351936340332
2009-11-25,35.57536315917969
2009-11-27,35.12929916381836
2009-11-30,35.27342987060547
2009-12-01,35.92534637451172
2009-12-02,35.836158752441406
2009-12-03,35.32831954956055
2009-12-04,36.261634826660156
2009-12-07,35.91163635253906
2009-12-08,35.204803466796875
2009-12-09,35.184207916259766
2009-12-10,35.849876403808594
2009-12-11,35.836158752441406
2009-12-14,36.426334381103516
2009-12-15,36.2204475402832
2009-12-16,36.275352478027344
2009-12-17,35.726348876953125
2009-12-18,35.71263885498047
2009-12-21,36.426334381103516
2009-12-22,36.3782844543457
2009-12-23,36.934146881103516
2009-12-24,37.22237014770508
2009-12-28,36.77631759643555
2009-12-29,36.57728958129883
2009-12-30,36.5361328125
2009-12-31,35.97340393066406
2010-01-04,36.09006118774414
2010-01-05,36.64592742919922
2010-01-06,36.542999267578125
2010-01-07,36.062618255615234
2010-01-08,37.30472946166992
2010-01-11,37.215518951416016
2010-01-12,37.071407318115234
2010-01-13,37.05766677856445
2010-01-14,36.4743537902832
2010-01-15,36.2204475402832
2010-01-19,36.40573501586914
2010-01-20,35.51362228393555
2010-01-21,34.58716583251953
2010-01-22,34.072486877441406
2010-01-25,34.22344970703125
2010-01-26,34.141090393066406
2010-01-27,34.60775375366211
2010-01-28,33.00191879272461
2010-01-29,32.295082092285156
2010-02-01,32.99505615234375
2010-02-02,33.62641906738281
2010-02-03,33.48129653930664
2010-02-04,32.361785888671875
2010-02-05,32.54837417602539
2010-02-08,32.0024528503418
2010-02-09,32.576019287109375
2010-02-10,32.472354888916016
2010-02-11,33.571128845214844
2010-02-12,33.50202178955078
2010-02-16,34.476417541503906
2010-02-17,34.04104995727539
2010-02-18,34.72517013549805
2010-02-19,35.250389099121094
2010-02-22,35.3402214050293
2010-02-23,35.0223388671875
2010-02-24,35.319480895996094
2010-02-25,35.69264602661133
2010-02-26,35.540611267089844
2010-03-01,36.376792907714844
2010-03-02,36.4251594543457
2010-03-03,36.086551666259766
2010-03-04,36.25930404663086
2010-03-05,36.604827880859375
2010-03-08,36.604827880859375
2010-03-09,37.13693618774414
2010-03-10,37.226783752441406
2010-03-11,37.56538391113281
2010-03-12,37.62758255004883
2010-03-15,37.70361328125
2010-03-16,38.09748077392578
2010-03-17,38.201148986816406
2010-03-18,38.47758483886719
2010-03-19,38.2357177734375
2010-03-22,38.284080505371094
2010-03-23,38.17351150512695
2010-03-24,37.772701263427734
2010-03-25,37.80034637451172
2010-03-26,37.89017105102539
2010-03-29,38.56740951538086
2010-03-30,38.83692169189453
2010-03-31,38.622684478759766
2010-04-01,39.382835388183594
2010-04-05,39.77674865722656
2010-04-06,39.797481536865234
2010-04-07,39.859676361083984
2010-04-08,40.39869689941406
2010-04-09,40.01860809326172
2010-04-12,40.35030746459961
2010-04-13,40.88932418823242
2010-04-14,41.552730560302734
2010-04-15,41.884437561035156
2010-04-16,41.096649169921875
2010-04-19,41.041358947753906
2010-04-20,41.59419250488281
2010-04-21,41.59419250488281
2010-04-22,41.836063385009766
2010-04-23,42.07101821899414
2010-04-26,42.21613311767578
2010-04-27,41.221031188964844
2010-04-28,40.88932418823242
2010-04-29,41.81534194946289
2010-04-30,40.999900817871094
2010-05-03,42.25759506225586
2010-05-04,41.221031188964844
2010-05-05,40.54686737060547
2010-05-06,39.18465042114258
2010-05-07,38.378448486328125
2010-05-10,40.85963821411133
2010-05-11,41.109832763671875
2010-05-12,42.20796203613281
2010-05-13,41.55463409423828
2010-05-14,40.51211929321289
2010-05-17,40.40092849731445
2010-05-18,39.69200897216797
2010-05-19,38.90665054321289
2010-05-20,37.12047576904297
2010-05-21,38.09349060058594
2010-05-24,37.787689208984375
2010-05-25,37.745967864990234
2010-05-26,38.21859359741211
2010-05-27,39.420955657958984
2010-05-28,39.24026107788086
2010-06-01,38.24639892578125
2010-06-02,39.40011215209961
2010-06-03,39.47655487060547
2010-06-04,37.1135368347168
2010-06-07,36.27255630493164
2010-06-08,37.07183837890625
2010-06-09,37.252532958984375
2010-06-10,39.0317497253418
2010-06-11,39.47655487060547
2010-06-14,39.045650482177734
2010-06-15,40.630279541015625
2010-06-16,40.51211929321289
2010-06-17,40.769283294677734
2010-06-18,41.06813430786133
2010-06-21,41.67974090576172
2010-06-22,39.942230224609375
2010-06-23,39.942230224609375
2010-06-24,39.08040237426758
2010-06-25,39.39316940307617
2010-06-28,39.33755874633789
2010-06-29,37.14132308959961
2010-06-30,36.87026596069336
2010-07-01,36.62702560424805
2010-07-02,35.38295364379883
2010-07-06,35.09798049926758
2010-07-07,35.97370529174805
2010-07-08,36.112709045410156
2010-07-09,37.39848709106445
2010-07-12,37.66257095336914
2010-07-13,38.427085876464844
2010-07-14,38.22554397583008
2010-07-15,38.24639892578125
2010-07-16,37.085723876953125
2010-07-19,36.79384231567383
2010-07-20,37.523590087890625
2010-07-21,36.93976974487305
2010-07-22,38.03093719482422
2010-07-23,39.24026107788086
2010-07-26,39.72676467895508
2010-07-27,39.281959533691406
2010-07-28,38.941383361816406
2010-07-29,38.87190246582031
2010-07-30,39.10819625854492
2010-08-02,39.96307373046875
2010-08-03,39.914424896240234
2010-08-04,40.292091369628906
2010-08-05,40.50889587402344
2010-08-06,39.907405853271484
2010-08-09,40.50889587402344
2010-08-10,40.3690185546875
2010-08-11,38.64851379394531
2010-08-12,38.403717041015625
2010-08-13,38.24286651611328
2010-08-16,38.15194320678711
2010-08-17,38.8023681640625
2010-08-18,39.22900390625
2010-08-19,38.15894317626953
2010-08-20,38.075008392333984
2010-08-23,37.38960266113281
2010-08-24,36.85107421875
2010-08-25,37.088871002197266
2010-08-26,37.102848052978516
2010-08-27,38.15194320678711
2010-08-30,37.45254898071289
2010-08-31,37.54346466064453
2010-09-01,39.18006896972656
2010-09-02,39.95638656616211
2010-09-03,40.50190734863281
2010-09-07,40.327056884765625
2010-09-08,40.83061981201172
2010-09-09,40.50889587402344
2010-09-10,41.159324645996094
2010-09-13,41.397125244140625
2010-09-14,41.103389739990234
2010-09-15,41.25725555419922
2010-09-16,40.86559295654297
2010-09-17,40.87957000732422
2010-09-20,41.21529006958008
2010-09-21,41.51603698730469
2010-09-22,41.21529006958008
2010-09-23,40.557865142822266
2010-09-24,41.87970733642578
2010-09-27,41.66291046142578
2010-09-28,41.71186447143555
2010-09-29,41.802772521972656
2010-09-30,41.62093734741211
2010-10-01,41.27823257446289
2010-10-04,40.82361602783203
2010-10-05,41.62093734741211
2010-10-06,41.73284912109375
2010-10-07,41.70486831665039
2010-10-08,42.334320068359375
2010-10-11,42.42524719238281
2010-10-12,41.77479553222656
2010-10-13,43.50931167602539
2010-10-14,43.208560943603516
2010-10-15,43.019737243652344
2010-10-18,43.0057487487793
2010-10-19,42.341312408447266
2010-10-20,43.27151107788086
2010-10-21,43.0546875
2010-10-22,43.432373046875
2010-10-25,43.3414421081543
2010-10-26,43.50231170654297
2010-10-27,42.90782165527344
2010-10-28,42.51616287231445
2010-10-29,43.0057487487793
2010-11-01,43.201560974121094
2010-11-02,43.62820816040039
2010-11-03,43.7055778503418
2010-11-04,44.1206169128418
2010-11-05,43.83219528198242
2010-11-08,43.86736297607422
2010-11-09,43.38902282714844
2010-11-10,43.684478759765625
2010-11-11,43.593021392822266
2010-11-12,42.88255310058594
2010-11-15,43.14281463623047
2010-11-16,42.5941162109375
2010-11-17,42.44639205932617
2010-11-18,43.01618957519531
2010-11-19,43.1779899597168
2010-11-22,42.9528694152832
2010-11-23,41.94694900512695
2010-11-24,42.92474365234375
2010-11-26,42.79811477661133
2010-11-29,42.847373962402344
2010-11-30,42.32680892944336
2010-12-01,43.27647399902344
2010-12-02,43.958831787109375
2010-12-03,44.23316955566406
2010-12-06,44.11359786987305
2010-12-07,44.198001861572266
2010-12-08,43.656341552734375
2010-12-09,43.958831787109375
2010-12-10,44.09950256347656
2010-12-13,43.7829704284668
2010-12-14,43.86736297607422
2010-12-15,43.979923248291016
2010-12-16,44.31055450439453
2010-12-17,44.085445404052734
2010-12-20,43.81814193725586
2010-12-21,44.071380615234375
2010-12-22,44.085445404052734
2010-12-23,43.92365646362305
2010-12-27,44.16282272338867
2010-12-28,44.11359786987305
2010-12-29,44.13468551635742
2010-12-30,44.13468551635742
2010-12-31,44.19096755981445
2011-01-03,44.831111907958984
2011-01-04,44.59193801879883
2011-01-05,44.824073791503906
2011-01-06,44.88035583496094
2011-01-07,45.75262451171875
2011-01-10,46.15360641479492
2011-01-11,45.69635772705078
2011-01-12,46.01992416381836
2011-01-13,46.20283889770508
2011-01-14,46.00587844848633
2011-01-18,45.92146301269531
2011-01-19,45.61897277832031
2011-01-20,45.14765548706055
2011-01-21,44.85924530029297
2011-01-24,45.23911666870117
2011-01-25,44.26131820678711
2011-01-26,44.12766647338867
2011-01-27,43.83219528198242
2011-01-28,42.474544525146484
2011-01-31,43.04433059692383
2011-02-01,43.698551177978516
2011-02-02,43.11797332763672
2011-02-03,43.06840896606445
2011-02-04,43.23834228515625
2011-02-07,43.54277038574219
2011-02-08,43.613582611083984
2011-02-09,43.98175048828125
2011-02-10,44.63312911987305
2011-02-11,45.38360595703125
2011-02-14,45.61726760864258
2011-02-15,45.638484954833984
2011-02-16,45.95711898803711
2011-02-17,46.162418365478516
2011-02-18,46.02082061767578
2011-02-22,45.59601974487305
2011-02-23,45.100406646728516
2011-02-24,45.39069747924805
2011-02-25,45.78010940551758
2011-02-28,46.43147277832031
2011-03-01,45.87922286987305
2011-03-02,46.13410568237305
2011-03-03,46.53767013549805
2011-03-04,46.23323059082031
2011-03-07,45.90753936767578
2011-03-08,46.488121032714844
2011-03-09,46.30403137207031
2011-03-10,45.98542404174805
2011-03-11,47.10409164428711
2011-03-14,46.67927932739258
2011-03-15,46.417320251464844
2011-03-16,45.54645538330078
2011-03-17,46.61555862426758
2011-03-18,46.92707443237305
2011-03-21,48.01033401489258
2011-03-22,47.649234771728516
2011-03-23,47.21026611328125
2011-03-24,47.96785354614258
2011-03-25,48.626319885253906
2011-03-28,48.690032958984375
2011-03-29,49.24934387207031
2011-03-30,48.84579086303711
2011-03-31,49.04404830932617
2011-04-01,49.079444885253906
2011-04-04,49.26352310180664
2011-04-05,48.67587661743164
2011-04-06,48.59799575805664
2011-04-07,48.23689651489258
2011-04-08,47.92538833618164
2011-04-11,47.90415954589844
2011-04-12,47.98200988769531
2011-04-13,48.02450942993164
2011-04-14,47.42268753051758
2011-04-15,47.96078872680664
2011-04-18,47.366050720214844
2011-04-19,47.613861083984375
2011-04-20,47.21026611328125
2011-04-21,46.91999435424805
2011-04-25,47.465187072753906
2011-04-26,48.44223403930664
2011-04-27,48.43514633178711
2011-04-28,52.30089569091797
2011-04-29,52.874393463134766
2011-05-02,52.8248176574707
2011-05-03,52.85313415527344
2011-05-04,51.472206115722656
2011-05-05,51.408138275146484
2011-05-06,51.92775344848633
2011-05-09,52.063026428222656
2011-05-10,52.83180236816406
2011-05-11,51.98473358154297
2011-05-12,51.9491081237793
2011-05-13,50.945465087890625
2011-05-16,50.8030891418457
2011-05-17,50.43293380737305
2011-05-18,51.32982635498047
2011-05-19,51.75693893432617
2011-05-20,51.436614990234375
2011-05-23,51.094932556152344
2011-05-24,50.6678466796875
2011-05-25,51.3512077331543
2011-05-26,51.258663177490234
2011-05-27,51.65726852416992
2011-05-31,52.18403244018555
2011-06-01,50.390235900878906
2011-06-02,50.98106002807617
2011-06-03,50.34039306640625
2011-06-06,50.091270446777344
2011-06-07,50.73902893066406
2011-06-08,50.20516586303711
2011-06-09,50.85291290283203
2011-06-10,50.091270446777344
2011-06-13,50.24785614013672
2011-06-14,51.32982635498047
2011-06-15,50.546836853027344
2011-06-16,49.97737503051758
2011-06-17,50.518367767333984
2011-06-20,50.97392654418945
2011-06-21,52.091495513916016
2011-06-22,52.1057243347168
2011-06-23,51.51491165161133
2011-06-24,51.01664352416992
2011-06-27,51.33696365356445
2011-06-28,51.98473358154297
2011-06-29,52.82466125488281
2011-06-30,53.337188720703125
2011-07-01,54.760833740234375
2011-07-05,54.07036590576172
2011-07-06,54.404945373535156
2011-07-07,54.80355453491211
2011-07-08,53.87104797363281
2011-07-11,53.15211868286133
2011-07-12,52.61823654174805
2011-07-13,53.10940933227539
2011-07-14,52.70363998413086
2011-07-15,52.611148834228516
2011-07-18,52.27657699584961
2011-07-19,53.12362289428711
2011-07-20,53.4510612487793
2011-07-21,54.561527252197266
2011-07-22,54.248329162597656
2011-07-25,54.41915512084961
2011-07-26,53.778533935546875
2011-07-27,54.18427658081055
2011-07-28,54.46188735961914
2011-07-29,53.88530731201172
2011-08-01,53.557861328125
2011-08-02,51.93487548828125
2011-08-03,51.45515060424805
2011-08-04,49.30698013305664
2011-08-05,49.54329299926758
2011-08-08,46.478614807128906
2011-08-09,48.605281829833984
2011-08-10,47.767494201660156
2011-08-11,48.691192626953125
2011-08-12,48.81293487548828
2011-08-15,49.62921905517578
2011-08-16,48.84873580932617
2011-08-17,48.90601348876953
2011-08-18,45.998878479003906
2011-08-19,45.1539192199707
2011-08-22,44.7959098815918
2011-08-23,46.185035705566406
2011-08-24,46.850955963134766
2011-08-25,45.99170684814453
2011-08-26,46.67195129394531
2011-08-29,47.588497161865234
2011-08-30,48.41193389892578
2011-08-31,48.462059020996094
2011-09-01,47.86773681640625
2011-09-02,46.628990173339844
2011-09-06,46.56454849243164
2011-09-07,47.87491989135742
2011-09-08,47.60282516479492
2011-09-09,46.42133331298828
2011-09-12,46.37120819091797
2011-09-13,47.889225006103516
2011-09-14,48.90601348876953
2011-09-15,49.922813415527344
2011-09-16,50.42403793334961
2011-09-19,48.84873580932617
2011-09-20,48.3618049621582
2011-09-21,44.34479522705078
2011-09-22,43.27787780761719
2011-09-23,44.058372497558594
2011-09-26,44.83887481689453
2011-09-27,45.46183395385742
2011-09-28,43.95096969604492
2011-09-29,45.447509765625
2011-09-30,43.69318771362305
2011-10-03,42.96997833251953
2011-10-04,44.215919494628906
2011-10-05,45.340087890625
2011-10-06,46.86528015136719
2011-10-07,46.449974060058594
2011-10-10,48.297367095947266
2011-10-11,48.125518798828125
2011-10-12,48.29021072387695
2011-10-13,48.003780364990234
2011-10-14,48.81293487548828
2011-10-17,47.53121566772461
2011-10-18,49.020591735839844
2011-10-19,48.247249603271484
2011-10-20,49.25688171386719
2011-10-21,50.767723083496094
2011-10-24,50.538604736328125
2011-10-25,49.67934799194336
2011-10-26,49.958587646484375
2011-10-27,53.8181037902832
2011-10-28,53.68922424316406
2011-10-31,52.980316162109375
2011-11-01,52.0566291809082
2011-11-02,52.52481460571289
2011-11-03,53.230735778808594
2011-11-04,52.9714241027832
2011-11-07,53.180301666259766
2011-11-08,53.57647705078125
2011-11-09,51.826107025146484
2011-11-10,53.151493072509766
2011-11-11,54.52007293701172
2011-11-14,54.030269622802734
2011-11-15,54.28238296508789
2011-11-16,53.36037826538086
2011-11-17,52.3447380065918
2011-11-18,52.791324615478516
2011-11-21,51.653263092041016
2011-11-22,51.61003494262695
2011-11-23,50.67361831665039
2011-11-25,50.73848342895508
2011-11-28,52.61125183105469
2011-11-29,52.55363082885742
2011-11-30,54.41203308105469
2011-12-01,53.86457824707031
2011-12-02,54.030269622802734
2011-12-05,54.56329345703125
2011-12-06,53.9222297668457
2011-12-07,53.83576965332031
2011-12-08,52.61125183105469
2011-12-09,53.151493072509766
2011-12-12,52.64004898071289
2011-12-13,51.437164306640625
2011-12-14,50.43592834472656
2011-12-15,50.1766242980957
2011-12-16,50.2918701171875
2011-12-19,49.838069915771484
2011-12-20,51.040992736816406
2011-12-21,51.55961608886719
2011-12-22,52.063819885253906
2011-12-23,52.40959167480469
2011-12-27,52.40959167480469
2011-12-28,51.70366668701172
2011-12-29,52.474403381347656
2011-12-30,52.48158264160156
2012-01-03,53.151493072509766
2012-01-04,54.05906295776367
2012-01-05,54.570499420166016
2012-01-06,54.24635696411133
2012-01-09,55.060298919677734
2012-01-10,55.9822883605957
2012-01-11,56.1839714050293
2012-01-12,56.356868743896484
2012-01-13,55.10353469848633
2012-01-17,54.966670989990234
2012-01-18,54.98109436035156
2012-01-19,56.14079284667969
2012-01-20,55.65095138549805
2012-01-23,54.70734405517578
2012-01-24,54.368812561035156
2012-01-25,54.145511627197266
2012-01-26,53.92943572998047
2012-01-27,53.259552001953125
2012-01-30,52.712100982666016
2012-01-31,52.006187438964844
2012-02-01,52.69497299194336
2012-02-02,52.47747039794922
2012-02-03,53.36925506591797
2012-02-06,52.30345153808594
2012-02-07,52.448455810546875
2012-02-08,52.600711822509766
2012-02-09,52.44123077392578
2012-02-10,51.86118698120117
2012-02-13,51.51317596435547
2012-02-14,51.04191207885742
2012-02-15,49.185848236083984
2012-02-16,49.62085723876953
2012-02-17,49.88911056518555
2012-02-21,49.82389831542969
2012-02-22,49.62811279296875
2012-02-23,50.25164031982422
2012-02-24,50.77363967895508
2012-02-27,51.17966842651367
2012-02-28,50.44013595581055
2012-02-29,49.95437240600586
2012-03-01,50.00514221191406
2012-03-02,49.37434387207031
2012-03-05,49.0698356628418
2012-03-06,47.815547943115234
2012-03-07,47.32252883911133
2012-03-08,48.41006851196289
2012-03-09,48.199825286865234
2012-03-12,47.917030334472656
2012-03-13,48.61307144165039
2012-03-14,47.09052276611328
2012-03-15,49.68612289428711
2012-03-16,50.012386322021484
2012-03-19,49.51935958862305
2012-03-20,48.54056930541992
2012-03-21,48.72181701660156
2012-03-22,46.90924835205078
2012-03-23,46.72799301147461
2012-03-26,47.946044921875
2012-03-27,48.06929397583008
2012-03-28,47.779296875
2012-03-29,47.97503662109375
2012-03-30,47.728546142578125
2012-04-02,48.59132766723633
2012-04-03,48.0548095703125
2012-04-04,48.56230926513672
2012-04-05,49.178585052490234
2012-04-09,48.3665657043457
2012-04-10,47.3587760925293
2012-04-11,47.97503662109375
2012-04-12,49.23661422729492
2012-04-13,48.89582824707031
2012-04-16,49.47585678100586
2012-04-17,50.06313705444336
2012-04-18,50.512657165527344
2012-04-19,49.80936050415039
2012-04-20,50.41115188598633
2012-04-23,50.31688690185547
2012-04-24,50.911399841308594
2012-04-25,52.861724853515625
2012-04-26,53.09375762939453
2012-04-27,53.195255279541016
2012-04-30,52.87623596191406
2012-05-01,53.94928741455078
2012-05-02,53.788761138916016
2012-05-03,53.24153137207031
2012-05-04,52.263797760009766
2012-05-07,52.5265007019043
2012-05-08,51.24235153198242
2012-05-09,49.899784088134766
2012-05-10,49.73928451538086
2012-05-11,49.936283111572266
2012-05-14,49.62251663208008
2012-05-15,49.53498077392578
2012-05-16,49.57144546508789
2012-05-17,48.3091926574707
2012-05-18,47.674400329589844
2012-05-21,49.18476104736328
2012-05-22,49.08990478515625
2012-05-23,49.680908203125
2012-05-24,49.20663833618164
2012-05-25,48.46970748901367
2012-05-29,48.520782470703125
2012-05-30,47.674400329589844
2012-05-31,47.80574035644531
2012-06-01,46.90829086303711
2012-06-04,46.47050857543945
2012-06-05,46.455909729003906
2012-06-06,47.82763671875
2012-06-07,48.15597152709961
2012-06-08,48.47700500488281
2012-06-11,48.09758758544922
2012-06-12,49.02422332763672
2012-06-13,49.009639739990234
2012-06-14,49.76118087768555
2012-06-15,50.32299041748047
2012-06-18,51.855186462402344
2012-06-19,52.03032684326172
2012-06-20,52.30759811401367
2012-06-21,51.906307220458984
2012-06-22,51.074520111083984
2012-06-25,50.155155181884766
2012-06-26,50.57106018066406
2012-06-27,50.89938735961914
2012-06-28,51.12558364868164
2012-06-29,52.365943908691406
2012-07-02,52.11060333251953
2012-07-03,52.4681396484375
2012-07-05,52.4681396484375
2012-07-06,52.679691314697266
2012-07-09,52.584842681884766
2012-07-10,51.796844482421875
2012-07-11,52.00114440917969
2012-07-12,52.41703414916992
2012-07-13,53.76686477661133
2012-07-16,53.81064224243164
2012-07-17,53.912803649902344
2012-07-18,53.847137451171875
2012-07-19,54.124385833740234
2012-07-20,53.25613021850586
2012-07-23,52.672393798828125
2012-07-24,52.504600524902344
2012-07-25,52.31488037109375
2012-07-26,53.2634162902832
2012-07-27,54.49650955200195
2012-07-30,54.124385833740234
2012-07-31,54.0295295715332
2012-08-01,53.489585876464844
2012-08-02,53.555267333984375
2012-08-03,54.678890228271484
2012-08-06,54.51838684082031
2012-08-07,54.7008056640625
2012-08-08,54.58404541015625
2012-08-09,54.12862777709961
2012-08-10,54.7676887512207
2012-08-13,54.562042236328125
2012-08-14,54.42246627807617
2012-08-15,54.885215759277344
2012-08-16,54.863197326660156
2012-08-17,55.16434860229492
2012-08-20,54.96604537963867
2012-08-21,55.002750396728516
2012-08-22,54.84849548339844
2012-08-23,54.047828674316406
2012-08-24,54.06251907348633
2012-08-27,53.893585205078125
2012-08-28,54.10660934448242
2012-08-29,54.10660934448242
2012-08-30,53.35737228393555
2012-08-31,53.22517013549805
2012-09-04,52.196773529052734
2012-09-05,51.476924896240234
2012-09-06,52.901954650878906
2012-09-07,52.82851791381836
2012-09-10,53.18107604980469
2012-09-11,54.00376510620117
2012-09-12,54.37105178833008
2012-09-13,54.745670318603516
2012-09-14,54.863197326660156
2012-09-17,54.52531433105469
2012-09-18,54.304927825927734
2012-09-19,53.394100189208984
2012-09-20,48.56079864501953
2012-09-21,47.74544143676758
2012-09-24,48.685665130615234
2012-09-25,47.79685592651367
2012-09-26,47.42958068847656
2012-09-27,47.14311981201172
2012-09-28,46.73910140991211
2012-10-01,47.341434478759766
2012-10-02,47.760128021240234
2012-10-03,48.18617248535156
2012-10-04,48.612205505371094
2012-10-05,49.141090393066406
2012-10-08,49.420204162597656
2012-10-09,49.17780303955078
2012-10-10,48.77382278442383
2012-10-11,48.45060729980469
2012-10-12,49.420204162597656
2012-10-15,49.66259002685547
2012-10-16,49.73606872558594
2012-10-17,49.3687858581543
2012-10-18,48.994171142578125
2012-10-19,48.215538024902344
2012-10-22,49.08966064453125
2012-10-23,48.48734664916992
2012-10-24,44.87337112426758
2012-10-25,45.96049880981445
2012-10-26,46.107398986816406
2012-10-31,45.42620086669922
2012-11-01,45.7371826171875
2012-11-02,45.2633056640625
2012-11-05,45.15962600708008
2012-11-06,45.53726577758789
2012-11-07,44.41179275512695
2012-11-08,43.789817810058594
2012-11-09,42.94571304321289
2012-11-12,42.990142822265625
2012-11-13,43.32332992553711
2012-11-14,42.582889556884766
2012-11-15,42.220062255859375
2012-11-16,41.716583251953125
2012-11-19,42.96792984008789
2012-11-20,42.13863754272461
2012-11-21,42.22747039794922
2012-11-23,42.76800537109375
2012-11-26,43.13081359863281
2012-11-27,43.64173126220703
2012-11-28,44.21186828613281
2012-11-29,44.78202438354492
2012-11-30,44.70796203613281
2012-12-03,44.00453567504883
2012-12-04,44.582088470458984
2012-12-05,45.603904724121094
2012-12-06,45.44841384887695
2012-12-07,45.54467010498047
2012-12-10,45.96670913696289
2012-12-11,45.57429122924805
2012-12-12,45.55946731567383
2012-12-13,45.344757080078125
2012-12-14,45.43359375
2012-12-17,45.62611389160156
2012-12-18,46.2332763671875
2012-12-19,46.01854705810547
2012-12-20,46.62572479248047
2012-12-21,46.314727783203125
2012-12-24,45.90008544921875
2012-12-26,45.611305236816406
2012-12-27,45.3299560546875
2012-12-28,45.21887969970703
2012-12-31,45.78901672363281
2013-01-02,46.86266326904297
2013-01-03,46.98853302001953
2013-01-04,48.40277099609375
2013-01-07,48.002960205078125
2013-01-08,47.38096237182617
2013-01-09,47.94371795654297
2013-01-10,47.88446044921875
2013-01-11,47.417991638183594
2013-01-14,48.03255844116211
2013-01-15,48.46942138671875
2013-01-16,48.462005615234375
2013-01-17,48.832237243652344
2013-01-18,49.3875732421875
2013-01-22,49.56528091430664
2013-01-23,50.65372085571289
2013-01-24,51.70515060424805
2013-01-25,51.60149002075195
2013-01-28,51.79401397705078
2013-01-29,52.371559143066406
2013-01-30,51.37229919433594
2013-01-31,51.357383728027344
2013-02-01,51.901763916015625
2013-02-04,51.170963287353516
2013-02-05,51.34991455078125
2013-02-06,51.56618118286133
2013-02-07,51.29026794433594
2013-02-08,51.45433044433594
2013-02-11,52.625099182128906
2013-02-12,53.42301940917969
2013-02-13,53.60198974609375
2013-02-14,53.669105529785156
2013-02-15,53.3186149597168
2013-02-19,54.5863151550293
2013-02-20,53.877891540527344
2013-02-21,53.355899810791016
2013-02-22,54.51921844482422
2013-02-25,53.27387619018555
2013-02-26,53.19930648803711
2013-02-27,54.213478088378906
2013-02-28,54.47446060180664
2013-03-01,54.99648666381836
2013-03-04,55.38423538208008
2013-03-05,56.144859313964844
2013-03-06,55.48118209838867
2013-03-07,54.728004455566406
2013-03-08,55.7570915222168
2013-03-11,55.94353485107422
2013-03-12,55.540855407714844
2013-03-13,55.40660858154297
2013-03-14,55.973358154296875
2013-03-15,56.3909797668457
2013-03-18,56.01066207885742
2013-03-19,56.264198303222656
2013-03-20,56.68925476074219
2013-03-21,55.82420349121094
2013-03-22,55.667640686035156
2013-03-25,55.46625518798828
2013-03-26,56.48788833618164
2013-03-27,56.88310623168945
2013-03-28,57.47970199584961
2013-04-01,56.76380157470703
2013-04-02,56.860755920410156
2013-04-03,56.04792022705078
2013-04-04,55.078495025634766
2013-04-05,55.57066345214844
2013-04-08,56.19708251953125
2013-04-09,55.46625518798828
2013-04-10,56.547576904296875
2013-04-11,56.816017150878906
2013-04-12,57.278350830078125
2013-04-15,55.264923095703125
2013-04-16,56.57737731933594
2013-04-17,54.966636657714844
2013-04-18,55.078495025634766
2013-04-19,55.74219512939453
2013-04-22,55.973358154296875
2013-04-23,56.55500030517578
2013-04-24,55.868961334228516
2013-04-25,56.55500030517578
2013-04-26,56.34619903564453
2013-04-29,57.12176513671875
2013-04-30,57.733253479003906
2013-05-01,56.4422607421875
2013-05-02,57.3955078125
2013-05-03,58.40126037597656
2013-05-06,58.40874099731445
2013-05-07,58.85157012939453
2013-05-08,59.369468688964844
2013-05-09,58.986663818359375
2013-05-10,59.30192184448242
2013-05-13,58.844085693359375
2013-05-14,60.08251190185547
2013-05-15,60.31516647338867
2013-05-16,59.542110443115234
2013-05-17,60.21761703491211
2013-05-20,60.232627868652344
2013-05-21,60.02997970581055
2013-05-22,58.41626739501953
2013-05-23,58.13104248046875
2013-05-24,58.27363586425781
2013-05-28,58.25114822387695
2013-05-29,57.7107048034668
2013-05-30,58.37122344970703
2013-05-31,57.485565185546875
2013-06-03,57.84583282470703
2013-06-04,57.79330062866211
2013-06-05,56.77251434326172
2013-06-06,57.65068817138672
2013-06-07,58.10102462768555
2013-06-10,58.528839111328125
2013-06-11,57.42550277709961
2013-06-12,56.78002166748047
2013-06-13,57.79330062866211
2013-06-14,57.17029571533203
2013-06-17,57.38798141479492
2013-06-18,57.815792083740234
2013-06-19,56.629905700683594
2013-06-20,55.15131378173828
2013-06-21,54.71599578857422
2013-06-24,52.884605407714844
2013-06-25,54.4157600402832
2013-06-26,55.05373764038086
2013-06-27,55.15882873535156
2013-06-28,54.52832794189453
2013-07-01,54.498321533203125
2013-07-02,54.22059631347656
2013-07-03,53.78528594970703
2013-07-05,54.28818893432617
2013-07-08,54.68596267700195
2013-07-09,55.834320068359375
2013-07-10,55.10626983642578
2013-07-11,56.24713134765625
2013-07-12,56.4422607421875
2013-07-15,56.765018463134766
2013-07-16,57.16283416748047
2013-07-17,57.3955078125
2013-07-18,58.27363586425781
2013-07-19,58.60390090942383
2013-07-22,58.07849884033203
2013-07-23,57.695716857910156
2013-07-24,56.0369758605957
2013-07-25,55.594146728515625
2013-07-26,55.48157501220703
2013-07-29,55.43653106689453
2013-07-30,55.20384979248047
2013-07-31,55.3021354675293
2013-08-01,57.44889450073242
2013-08-02,57.07093811035156
2013-08-05,56.556907653808594
2013-08-06,55.884178161621094
2013-08-07,56.00511169433594
2013-08-08,56.24699401855469
2013-08-09,55.92197799682617
2013-08-12,56.2016487121582
2013-08-13,56.15628433227539
2013-08-14,55.763221740722656
2013-08-15,55.59691619873047
2013-08-16,55.93707275390625
2013-08-19,55.14336395263672
2013-08-20,55.19626998901367
2013-08-21,54.81833267211914
2013-08-22,55.74810028076172
2013-08-23,56.28479766845703
2013-08-26,56.42844009399414
2013-08-27,55.09803009033203
2013-08-28,55.24164581298828
2013-08-29,54.95439910888672
2013-08-30,54.54621887207031
2013-09-03,54.85612487792969
2013-09-04,55.891727447509766
2013-09-05,56.035343170166016
2013-09-06,56.23189163208008
2013-09-09,56.67031478881836
2013-09-10,57.705902099609375
2013-09-11,57.69078063964844
2013-09-12,56.9953498840332
2013-09-13,57.1767692565918
2013-09-16,57.78147506713867
2013-09-17,58.09897994995117
2013-09-18,58.824642181396484
2013-09-19,59.089202880859375
2013-09-20,58.74903106689453
2013-09-23,59.043861389160156
2013-09-24,59.1723747253418
2013-09-25,58.854888916015625
2013-09-26,59.187496185302734
2013-09-27,58.80196762084961
2013-09-30,58.46934509277344
2013-10-01,59.134552001953125
2013-10-02,59.35377883911133
2013-10-03,58.48447799682617
2013-10-04,58.590309143066406
2013-10-07,58.06873321533203
2013-10-08,57.652992248535156
2013-10-09,58.11411666870117
2013-10-10,59.68639373779297
2013-10-11,59.52764129638672
2013-10-14,59.7619743347168
2013-10-15,59.52006912231445
2013-10-16,60.40447998046875
2013-10-17,59.35377883911133
2013-10-18,60.389373779296875
2013-10-21,60.472537994384766
2013-10-22,60.926082611083984
2013-10-23,65.05331420898438
2013-10-24,66.4215316772461
2013-10-25,66.25520324707031
2013-10-28,66.6029052734375
2013-10-29,66.51220703125
2013-10-30,65.78980255126953
2013-10-31,65.40962219238281
2013-11-01,66.15484619140625
2013-11-04,66.03316497802734
2013-11-05,65.72140502929688
2013-11-06,65.74419403076172
2013-11-07,64.99903869628906
2013-11-08,65.10546112060547
2013-11-11,65.66818237304688
2013-11-12,65.88867950439453
2013-11-13,66.62627410888672
2013-11-14,66.41333770751953
2013-11-15,66.26887512207031
2013-11-18,66.32972717285156
2013-11-19,65.62252807617188
2013-11-20,65.43243408203125
2013-11-21,66.0179443359375
2013-11-22,66.24605560302734
2013-11-25,66.1700210571289
2013-11-26,66.13964080810547
2013-11-27,66.66426849365234
2013-11-29,66.67948913574219
2013-12-02,67.1053237915039
2013-12-03,66.75553131103516
2013-12-04,66.29927062988281
2013-12-05,67.04447937011719
2013-12-06,68.18507385253906
2013-12-09,68.80863189697266
2013-12-10,68.26873779296875
2013-12-11,66.96085357666016
2013-12-12,66.54261779785156
2013-12-13,66.89241027832031
2013-12-16,67.98738098144531
2013-12-17,67.79730224609375
2013-12-18,68.99872589111328
2013-12-19,68.8238296508789
2013-12-20,69.43975067138672
2013-12-23,69.82756042480469
2013-12-24,70.10890197753906
2013-12-26,70.61837005615234
2013-12-27,70.20777130126953
2013-12-30,69.92640686035156
2013-12-31,70.58797454833984
2014-01-02,69.43213653564453
2014-01-03,69.47776794433594
2014-01-06,68.43604278564453
2014-01-07,68.84661865234375
2014-01-08,68.3675765991211
2014-01-09,69.43213653564453
2014-01-10,69.64505004882812
2014-01-13,68.58050537109375
2014-01-14,69.0139389038086
2014-01-15,69.31809997558594
2014-01-16,66.73270416259766
2014-01-17,67.66802215576172
2014-01-21,67.45510864257812
2014-01-22,70.67160034179688
2014-01-23,71.21907806396484
2014-01-24,68.13947296142578
2014-01-27,68.67935180664062
2014-01-28,69.39414978027344
2014-01-29,68.28394317626953
2014-01-30,70.53473663330078
2014-01-31,70.40547180175781
2014-02-03,68.11666107177734
2014-02-04,69.7971420288086
2014-02-05,70.1872329711914
2014-02-06,71.57170867919922
2014-02-07,72.46663665771484
2014-02-10,71.07453918457031
2014-02-11,71.21986389160156
2014-02-12,71.59465026855469
2014-02-13,70.73030090332031
2014-02-14,71.01332092285156
2014-02-18,69.91187286376953
2014-02-19,69.08577728271484
2014-02-20,69.6212158203125
2014-02-21,69.20051574707031
2014-02-24,69.81243896484375
2014-02-25,69.33056640625
2014-02-26,69.36878204345703
2014-02-27,69.30760955810547
2014-02-28,70.30196380615234
2014-03-03,70.1872329711914
2014-03-04,72.01532745361328
2014-03-05,71.89297485351562
2014-03-06,72.28306579589844
2014-03-07,72.12245178222656
2014-03-10,72.2295150756836
2014-03-11,73.23918151855469
2014-03-12,73.49925994873047
2014-03-13,72.84906005859375
2014-03-14,72.30599212646484
2014-03-17,73.30037689208984
2014-03-18,73.93527221679688
2014-03-19,74.4247817993164
2014-03-20,74.18002319335938
2014-03-21,73.7899398803711
2014-03-24,73.8510971069336
2014-03-25,74.48597717285156
2014-03-26,73.46099853515625
2014-03-27,72.86439514160156
2014-03-28,73.69813537597656
2014-03-31,74.32533264160156
2014-04-01,75.02141571044922
2014-04-02,74.71543884277344
2014-04-03,74.55481719970703
2014-04-04,73.91996002197266
2014-04-07,73.338623046875
2014-04-08,72.8720474243164
2014-04-09,73.64456939697266
2014-04-10,72.28306579589844
2014-04-11,71.25045013427734
2014-04-14,71.74762725830078
2014-04-15,72.27539825439453
2014-04-16,72.85677337646484
2014-04-17,73.63694763183594
2014-04-21,74.11116790771484
2014-04-22,74.13414001464844
2014-04-23,72.67314910888672
2014-04-24,72.74964904785156
2014-04-25,71.92356872558594
2014-04-28,72.09184265136719
2014-04-29,72.44367980957031
2014-04-30,72.72061920166016
2014-05-01,71.98980712890625
2014-05-02,71.98211669921875
2014-05-05,72.03596496582031
2014-05-06,72.12057495117188
2014-05-07,73.05140686035156
2014-05-08,73.46684265136719
2014-05-09,73.31298828125
2014-05-12,74.43614959716797
2014-05-13,75.06697082519531
2014-05-14,74.94388580322266
2014-05-15,74.18229675292969
2014-05-16,74.8823471069336
2014-05-19,75.2131118774414
2014-05-20,75.29005432128906
2014-05-21,76.02857208251953
2014-05-22,76.19011688232422
2014-05-23,76.31320190429688
2014-05-27,76.78243255615234
2014-05-28,77.03630828857422
2014-05-29,77.72869110107422
2014-05-30,77.50560760498047
2014-06-02,77.37479400634766
2014-06-03,76.06704711914062
2014-06-04,76.2978515625
2014-06-05,77.30554962158203
2014-06-06,78.2825698852539
2014-06-09,78.7749252319336
2014-06-10,78.4056625366211
2014-06-11,78.2748794555664
2014-06-12,77.08246612548828
2014-06-13,77.8210220336914
2014-06-16,78.12870788574219
2014-06-17,78.08256530761719
2014-06-18,79.09801483154297
2014-06-19,79.35958862304688
2014-06-20,80.32118225097656
2014-06-23,79.50572967529297
2014-06-24,78.56720733642578
2014-06-25,78.69801330566406
2014-06-26,78.19025421142578
2014-06-27,78.19794464111328
2014-06-30,79.25955200195312
2014-07-01,78.89028930664062
2014-07-02,79.66728973388672
2014-07-03,79.8826675415039
2014-07-07,79.4134292602539
2014-07-08,78.99800109863281
2014-07-09,79.544189453125
2014-07-10,78.78262329101562
2014-07-11,79.96729278564453
2014-07-14,80.3365478515625
2014-07-15,80.2750244140625
2014-07-16,81.00587463378906
2014-07-17,80.29810333251953
2014-07-18,81.68281555175781
2014-07-21,81.7136001586914
2014-07-22,82.78292846679688
2014-07-23,82.19055938720703
2014-07-24,82.91368103027344
2014-07-25,82.69828033447266
2014-07-28,81.02891540527344
2014-07-29,79.59036254882812
2014-07-30,80.17826080322266
2014-07-31,78.6388931274414
2014-08-01,78.28304290771484
2014-08-04,78.41456604003906
2014-08-05,77.8885726928711
2014-08-06,77.42440032958984
2014-08-07,77.35479736328125
2014-08-08,78.41456604003906
2014-08-11,79.55167388916016
2014-08-12,79.2499771118164
2014-08-13,79.85338592529297
2014-08-14,80.42578125
2014-08-15,80.82804107666016
2014-08-18,82.0192642211914
2014-08-19,82.05799102783203
2014-08-20,82.27458190917969
2014-08-21,81.3617935180664
2014-08-22,81.59385681152344
2014-08-25,81.64802551269531
2014-08-26,81.63252258300781
2014-08-27,82.63040161132812
2014-08-28,82.4447250366211
2014-08-29,82.76964569091797
2014-09-02,82.77738189697266
2014-09-03,83.51224517822266
2014-09-04,83.97636413574219
2014-09-05,84.7421875
2014-09-08,84.03823852539062
2014-09-09,84.14655303955078
2014-09-10,83.53545379638672
2014-09-11,84.03823852539062
2014-09-12,83.45811462402344
2014-09-15,83.67469024658203
2014-09-16,84.4482192993164
2014-09-17,86.4594497680664
2014-09-18,86.7533950805664
2014-09-19,86.63738250732422
2014-09-22,85.86382293701172
2014-09-23,85.1366958618164
2014-09-24,86.21192932128906
2014-09-25,84.93558502197266
2014-09-26,86.1036148071289
2014-09-29,86.18873596191406
2014-09-30,86.32798767089844
2014-10-01,84.0459976196289
2014-10-02,85.18309783935547
2014-10-03,87.00093841552734
2014-10-06,85.94891357421875
2014-10-07,83.73657989501953
2014-10-08,84.4327621459961
2014-10-09,81.55517578125
2014-10-10,79.18040466308594
2014-10-13,79.83787536621094
2014-10-14,80.79710388183594
2014-10-15,81.37725830078125
2014-10-16,81.06784057617188
2014-10-17,82.41380310058594
2014-10-20,82.82376861572266
2014-10-21,84.97429656982422
2014-10-22,82.3828353881836
2014-10-23,83.442626953125
2014-10-24,84.61843872070312
2014-10-27,84.5952377319336
2014-10-28,86.09590148925781
2014-10-29,85.61627960205078
2014-10-30,84.73445892333984
2014-10-31,85.58537292480469
2014-11-03,84.63390350341797
2014-11-04,84.1543197631836
2014-11-05,85.37515258789062
2014-11-06,86.09834289550781
2014-11-07,87.76243591308594
2014-11-10,90.67076873779297
2014-11-11,90.69408416748047
2014-11-12,90.71743774414062
2014-11-13,89.77647399902344
2014-11-14,90.22750091552734
2014-11-17,90.07197570800781
2014-11-18,89.72206115722656
2014-11-19,89.55876922607422
2014-11-20,89.72206115722656
2014-11-21,89.70651245117188
2014-11-24,90.47634887695312
2014-11-25,91.08290100097656
2014-11-26,91.13731384277344
2014-11-28,86.81375885009766
2014-12-01,82.70791625976562
2014-12-02,84.99413299560547
2014-12-03,87.0081787109375
2014-12-04,83.43888092041016
2014-12-05,83.26001739501953
2014-12-08,80.40613555908203
2014-12-09,80.93492126464844
2014-12-10,78.75760650634766
2014-12-11,79.80738067626953
2014-12-12,78.96756744384766
2014-12-15,79.06088256835938
2014-12-16,79.5740966796875
2014-12-17,81.84475708007812
2014-12-18,84.74527740478516
2014-12-19,84.79973602294922
2014-12-22,85.55400085449219
2014-12-23,86.47163391113281
2014-12-24,86.6349105834961
2014-12-26,86.73600769042969
2014-12-29,86.93040466308594
2014-12-30,86.17610168457031
2014-12-31,85.23518371582031
2015-01-02,84.87744140625
2015-01-05,82.73125457763672
2015-01-06,80.09508514404297
2015-01-07,80.09508514404297
2015-01-08,80.86493682861328
2015-01-09,80.22728729248047
2015-01-12,79.29415130615234
2015-01-13,78.9208984375
2015-01-14,78.59429931640625
2015-01-15,79.19306182861328
2015-01-16,80.54615020751953
2015-01-20,80.44505310058594
2015-01-21,81.14488983154297
2015-01-22,82.49795532226562
2015-01-23,81.47927856445312
2015-01-26,82.51350402832031
2015-01-27,81.02046966552734
2015-01-28,80.09508514404297
2015-01-29,80.7094497680664
2015-01-30,79.29415130615234
2015-02-02,80.89604187011719
2015-02-03,83.41553497314453
2015-02-04,83.15753173828125
2015-02-05,84.33039093017578
2015-02-06,84.28349304199219
2015-02-09,84.43986511230469
2015-02-10,84.91686248779297
2015-02-11,85.31558990478516
2015-02-12,86.07408905029297
2015-02-13,85.9411849975586
2015-02-17,86.53546142578125
2015-02-18,86.95764923095703
2015-02-19,87.25477600097656
2015-02-20,87.3642578125
2015-02-23,86.73873901367188
2015-02-24,86.69180297851562
2015-02-25,86.66835021972656
2015-02-26,85.97242736816406
2015-02-27,85.35469818115234
2015-03-02,86.2070083618164
2015-03-03,84.73698425292969
2015-03-04,85.18270874023438
2015-03-05,85.35469818115234
2015-03-06,84.61190032958984
2015-03-09,85.2530746459961
2015-03-10,84.1192626953125
2015-03-11,84.61971282958984
2015-03-12,85.40946197509766
2015-03-13,84.9559326171875
2015-03-16,86.4650650024414
2015-03-17,85.91771697998047
2015-03-18,86.89513397216797
2015-03-19,86.25392150878906
2015-03-20,86.34776306152344
2015-03-23,83.32170867919922
2015-03-24,82.93858337402344
2015-03-25,81.35906982421875
2015-03-26,81.24961853027344
2015-03-27,81.0228500366211
2015-03-30,81.31999969482422
2015-03-31,80.47552490234375
2015-04-01,80.50679016113281
2015-04-02,81.43729400634766
2015-04-06,81.65624237060547
2015-04-07,81.6796646118164
2015-04-08,81.57022094726562
2015-04-09,82.7040023803711
2015-04-10,83.15753173828125
2015-04-13,82.00028228759766
2015-04-14,78.575439453125
2015-04-15,78.77091217041016
2015-04-16,78.40341186523438
2015-04-17,78.70054626464844
2015-04-20,80.56935119628906
2015-04-21,80.0767593383789
2015-04-22,82.07846069335938
2015-04-23,83.04804229736328
2015-04-24,82.32869720458984
2015-04-27,81.7109375
2015-04-28,81.60930633544922
2015-04-29,81.13748931884766
2015-04-30,79.3052749633789
2015-05-01,81.16107177734375
2015-05-04,81.61717987060547
2015-05-05,79.10077667236328
2015-05-06,79.18782043457031
2015-05-07,79.87599182128906
2015-05-08,79.5990982055664
2015-05-11,79.22735595703125
2015-05-12,78.34141540527344
2015-05-13,77.29728698730469
2015-05-14,76.49838256835938
2015-05-15,77.17071533203125
2015-05-18,77.49507904052734
2015-05-19,76.94924926757812
2015-05-20,75.98420715332031
2015-05-21,76.8147964477539
2015-05-22,75.56497192382812
2015-05-26,74.80563354492188
2015-05-27,75.01128387451172
2015-05-28,74.12535095214844
2015-05-29,72.7727279663086
2015-06-01,73.3739013671875
2015-06-02,73.32643127441406
2015-06-03,73.16825866699219
2015-06-04,72.74105834960938
2015-06-05,73.1761474609375
2015-06-08,72.02920532226562
2015-06-09,71.53876495361328
2015-06-10,71.61786651611328
2015-06-11,73.19195556640625
2015-06-12,72.5354232788086
2015-06-15,72.26649475097656
2015-06-16,72.26649475097656
2015-06-17,72.5354232788086
2015-06-18,73.53208923339844
2015-06-19,73.02583312988281
2015-06-22,73.41344451904297
2015-06-23,73.01795196533203
2015-06-24,71.2144546508789
2015-06-25,70.2098617553711
2015-06-26,70.29688262939453
2015-06-29,68.80188751220703
2015-06-30,69.10246276855469
2015-07-01,69.68778991699219
2015-07-02,69.47425079345703
2015-07-06,68.77021789550781
2015-07-07,69.46630859375
2015-07-08,67.55208587646484
2015-07-09,67.72611236572266
2015-07-10,68.30352020263672
2015-07-13,68.3905258178711
2015-07-14,68.59620666503906
2015-07-15,68.78604125976562
2015-07-16,67.71028137207031
2015-07-17,67.97921752929688
2015-07-20,68.09786987304688
2015-07-21,67.96341705322266
2015-07-22,67.52836608886719
2015-07-23,66.0333480834961
2015-07-24,65.62201690673828
2015-07-27,65.49547576904297
2015-07-28,67.1723861694336
2015-07-29,68.00296783447266
2015-07-30,67.86848449707031
2015-07-31,66.70569610595703
2015-08-03,65.66157531738281
2015-08-04,65.79605102539062
2015-08-05,65.78804779052734
2015-08-06,65.00736236572266
2015-08-07,64.61698913574219
2015-08-10,65.81995391845703
2015-08-11,64.51343536376953
2015-08-12,64.8001937866211
2015-08-13,64.54530334472656
2015-08-14,65.11888122558594
2015-08-17,65.44551086425781
2015-08-18,65.6048583984375
2015-08-19,64.92767333984375
2015-08-20,63.6928596496582
2015-08-21,62.12344741821289
2015-08-24,59.54227066040039
2015-08-25,57.7099494934082
2015-08-26,59.0483512878418
2015-08-27,62.07563781738281
2015-08-28,63.0953483581543
2015-08-31,62.06767654418945
2015-09-01,60.315025329589844
2015-09-02,60.97624588012695
2015-09-03,61.470184326171875
2015-09-04,60.96828842163086
2015-09-08,62.68907928466797
2015-09-09,62.88823318481445
2015-09-10,62.96791076660156
2015-09-11,63.07146072387695
2015-09-14,62.68907928466797
2015-09-15,64.14692687988281
2015-09-16,65.07904052734375
2015-09-17,64.61698913574219
2015-09-18,62.89619445800781
2015-09-21,63.39013671875
2015-09-22,61.68529510498047
2015-09-23,60.81691360473633
2015-09-24,60.299095153808594
2015-09-25,60.24333953857422
2015-09-28,59.47853469848633
2015-09-29,59.67770004272461
2015-09-30,60.864723205566406
2015-10-01,61.60560989379883
2015-10-02,62.94399642944336
2015-10-05,63.71678161621094
2015-10-06,63.27860641479492
2015-10-07,64.6886978149414
2015-10-08,66.10677337646484
2015-10-09,66.05097198486328
2015-10-12,64.51343536376953
2015-10-13,63.167057037353516
2015-10-14,62.322608947753906
2015-10-15,63.30250549316406
2015-10-16,62.42618942260742
2015-10-19,61.956146240234375
2015-10-20,62.80854415893555
2015-10-21,62.69704818725586
2015-10-22,64.14692687988281
2015-10-23,64.52935028076172
2015-10-26,63.95576095581055
2015-10-27,61.69325256347656
2015-10-28,65.00736236572266
2015-10-29,64.60104370117188
2015-10-30,63.756622314453125
2015-11-02,64.03540802001953
2015-11-03,64.27442932128906
2015-11-04,64.48307037353516
2015-11-05,64.32255554199219
2015-11-06,64.09785461425781
2015-11-09,71.11997985839844
2015-11-10,71.07987976074219
2015-11-11,71.33667755126953
2015-11-12,71.22431945800781
2015-11-13,71.39280700683594
2015-11-16,70.86316680908203
2015-11-17,69.79582214355469
2015-11-18,74.22577667236328
2015-11-19,77.72478485107422
2015-11-20,78.29456329345703
2015-11-23,76.68953704833984
2015-11-24,75.87895202636719
2015-11-25,76.56112670898438
2015-11-27,76.54508209228516
2015-11-30,76.28826141357422
2015-12-01,76.08761596679688
2015-12-02,73.95289611816406
2015-12-03,74.72333526611328
2015-12-04,73.88066101074219
2015-12-07,73.44729614257812
2015-12-08,69.27417755126953
2015-12-09,70.26127624511719
2015-12-10,70.3656234741211
2015-12-11,71.77808380126953
2015-12-14,71.70581817626953
2015-12-15,73.0460433959961
2015-12-16,72.05894470214844
2015-12-17,68.26296997070312
2015-12-18,67.62896728515625
2015-12-21,67.47648620605469
2015-12-22,69.07353973388672
2015-12-23,69.69949340820312
2015-12-24,69.6433334350586
2015-12-28,68.68832397460938
2015-12-29,68.66424560546875
2015-12-30,68.10246276855469
2015-12-31,67.88581848144531
2016-01-04,65.65476989746094
2016-01-05,66.02391815185547
2016-01-06,63.78488540649414
2016-01-07,62.59714126586914
2016-01-08,62.42861557006836
2016-01-11,60.968013763427734
2016-01-12,60.93592834472656
2016-01-13,57.332550048828125
2016-01-14,57.9023551940918
2016-01-15,57.597408294677734
2016-01-19,57.661590576171875
2016-01-20,57.12390899658203
2016-01-21,56.23310089111328
2016-01-22,55.045352935791016
2016-01-25,54.35519790649414
2016-01-26,55.29414749145508
2016-01-27,56.08864974975586
2016-01-28,56.26521301269531
2016-01-29,56.57817077636719
2016-02-01,56.329410552978516
2016-02-02,53.448326110839844
2016-02-03,54.50901412963867
2016-02-04,56.16893005371094
2016-02-05,56.792381286621094
2016-02-08,57.075775146484375
2016-02-09,57.828834533691406
2016-02-10,59.124305725097656
2016-02-11,58.0312385559082
2016-02-12,58.75185775756836
2016-02-16,59.909725189208984
2016-02-17,61.35099792480469
2016-02-18,60.58988952636719
2016-02-19,60.7275390625
2016-02-22,61.50486373901367
2016-02-23,59.81258010864258
2016-02-24,59.8692626953125
2016-02-25,59.6506233215332
2016-02-26,60.48463821411133
2016-02-29,59.24579620361328
2016-03-01,60.978546142578125
2016-03-02,61.861114501953125
2016-03-03,62.346923828125
2016-03-04,62.67082595825195
2016-03-07,64.54933166503906
2016-03-08,61.82874298095703
2016-03-09,61.33479309082031
2016-03-10,61.3428955078125
2016-03-11,63.97443389892578
2016-03-14,63.942047119140625
2016-03-15,63.96635055541992
2016-03-16,65.57763671875
2016-03-17,67.04322052001953
2016-03-18,68.0310287475586
2016-03-21,68.04722595214844
2016-03-22,68.25777435302734
2016-03-23,67.09178924560547
2016-03-24,67.90958404541016
2016-03-28,66.1930160522461
2016-03-29,67.04322052001953
2016-03-30,68.62213134765625
2016-03-31,67.40756225585938
2016-04-01,67.18086242675781
2016-04-04,66.79219055175781
2016-04-05,65.7476806640625
2016-04-06,65.70716094970703
2016-04-07,64.85700225830078
2016-04-08,65.98249053955078
2016-04-11,64.19304656982422
2016-04-12,63.73963928222656
2016-04-13,65.69910430908203
2016-04-14,66.50878143310547
2016-04-15,66.09586334228516
2016-04-18,66.02298736572266
2016-04-19,67.01892852783203
2016-04-20,67.33470153808594
2016-04-21,66.90554809570312
2016-04-22,73.94992065429688
2016-04-25,73.98231506347656
2016-04-26,75.3426513671875
2016-04-27,75.48837280273438
2016-04-28,74.47624969482422
2016-04-29,72.96210479736328
2016-05-02,73.45600128173828
2016-05-03,72.17668914794922
2016-05-04,72.43753814697266
2016-05-05,72.50276184082031
2016-05-06,73.08143615722656
2016-05-09,71.95661163330078
2016-05-10,73.61124420166016
2016-05-11,72.39678192138672
2016-05-12,71.8750991821289
2016-05-13,70.07376098632812
2016-05-16,70.29381561279297
2016-05-17,69.98408508300781
2016-05-18,69.69881439208984
2016-05-19,68.7369613647461
2016-05-20,69.6417465209961
2016-05-23,69.03040313720703
2016-05-24,67.02530670166016
2016-05-25,67.90556335449219
2016-05-26,68.32942962646484
2016-05-27,68.468017578125
2016-05-31,68.51692199707031
2016-06-01,67.66109466552734
2016-06-02,67.79149627685547
2016-06-03,67.74258422851562
2016-06-06,67.87297821044922
2016-06-07,68.25608825683594
2016-06-08,70.05743408203125
2016-06-09,69.77216339111328
2016-06-10,68.54136657714844
2016-06-13,67.84037780761719
2016-06-14,67.48992156982422
2016-06-15,68.06047821044922
2016-06-16,68.62289428710938
2016-06-17,69.43797302246094
2016-06-20,69.81291961669922
2016-06-21,69.29127502441406
2016-06-22,70.13896179199219
2016-06-23,70.91327667236328
2016-06-24,67.3594970703125
2016-06-27,64.94682312011719
2016-06-28,67.02530670166016
2016-06-29,68.26425170898438
2016-06-30,69.38907623291016
2016-07-01,69.44612121582031
2016-07-05,68.38651275634766
2016-07-06,69.24236297607422
2016-07-07,68.5006103515625
2016-07-08,70.44053649902344
2016-07-11,70.87254333496094
2016-07-12,72.07073211669922
2016-07-13,73.9862060546875
2016-07-14,74.8176040649414
2016-07-15,74.57307434082031
2016-07-18,74.67089080810547
2016-07-19,74.49971008300781
2016-07-20,74.78498840332031
2016-07-21,74.63014221191406
2016-07-22,74.99693298339844
2016-07-25,74.95616149902344
2016-07-26,75.60009765625
2016-07-27,73.47270202636719
2016-07-28,73.37489318847656
2016-07-29,73.17925262451172
2016-08-01,72.17672729492188
2016-08-02,71.05187225341797
2016-08-03,71.99736785888672
2016-08-04,71.89071655273438
2016-08-05,72.93282318115234
2016-08-08,73.45799255371094
2016-08-09,73.23644256591797
2016-08-10,72.67845916748047
2016-08-11,73.42515563964844
2016-08-12,72.50614166259766
2016-08-15,72.96565246582031
2016-08-16,73.12976837158203
2016-08-17,73.70418548583984
2016-08-18,75.22224426269531
2016-08-19,75.14840698242188
2016-08-22,74.96788024902344
2016-08-23,75.51765441894531
2016-08-24,75.5750732421875
2016-08-25,75.55868530273438
2016-08-26,75.714599609375
2016-08-29,77.14238739013672
2016-08-30,77.43780517578125
2016-08-31,77.05211639404297
2016-09-01,76.97007751464844
2016-09-02,77.2654800415039
2016-09-06,78.07785034179688
2016-09-07,77.08494567871094
2016-09-08,77.12598419189453
2016-09-09,74.49193572998047
2016-09-12,75.80484771728516
2016-09-13,74.45909881591797
2016-09-14,74.40164947509766
2016-09-15,75.0909423828125
2016-09-16,74.95964813232422
2016-09-19,75.51765441894531
2016-09-20,75.42738342285156
2016-09-21,76.40386962890625
2016-09-22,77.0603256225586
2016-09-23,76.8223648071289
2016-09-26,76.54337310791016
2016-09-27,77.5280532836914
2016-09-28,78.38966369628906
2016-09-29,78.07785034179688
2016-09-30,79.64514923095703
2016-10-03,79.52205657958984
2016-10-04,78.60303497314453
2016-10-05,79.6287612915039
2016-10-06,79.96517181396484
2016-10-07,79.41539001464844
2016-10-10,78.6358642578125
2016-10-11,77.6839828491211
2016-10-12,76.65825653076172
2016-10-13,77.80706024169922
2016-10-14,77.90552520751953
2016-10-17,77.82345581054688
2016-10-18,77.93836212158203
2016-10-19,78.47991943359375
2016-10-20,76.42030334472656
2016-10-21,76.24796295166016
2016-10-24,76.27255249023438
2016-10-25,76.5351791381836
2016-10-26,73.87649536132812
2016-10-27,74.95964813232422
2016-10-28,75.714599609375
2016-10-31,76.3135757446289
2016-11-01,75.1648178100586
2016-11-02,75.97417449951172
2016-11-03,75.78421783447266
2016-11-04,75.6686019897461
2016-11-07,78.4188232421875
2016-11-08,79.2860336303711
2016-11-09,81.59854125976562
2016-11-10,83.0025634765625
2016-11-11,83.3411636352539
2016-11-14,85.88491821289062
2016-11-15,86.37220764160156
2016-11-16,85.0672836303711
2016-11-17,85.18294525146484
2016-11-18,85.43896484375
2016-11-21,86.38870239257812
2016-11-22,85.82713317871094
2016-11-23,85.92622375488281
2016-11-25,86.17399597167969
2016-11-28,85.88491821289062
2016-11-29,86.19879150390625
2016-11-30,87.9249038696289
2016-12-01,88.23048400878906
2016-12-02,87.2146224975586
2016-12-05,87.51194763183594
2016-12-06,87.71843719482422
2016-12-07,90.64210510253906
2016-12-08,90.8650894165039
2016-12-09,91.34410858154297
2016-12-12,91.41844940185547
2016-12-13,90.70816040039062
2016-12-14,88.84989929199219
2016-12-15,89.28764343261719
2016-12-16,88.09833526611328
2016-12-19,88.31305694580078
2016-12-20,89.33717346191406
2016-12-21,89.23809814453125
2016-12-22,89.84095764160156
2016-12-23,90.25392150878906
2016-12-27,90.3943099975586
2016-12-28,89.79143524169922
2016-12-29,89.87400817871094
2016-12-30,89.25457763671875
2017-01-03,88.36263275146484
2017-01-04,91.37715148925781
2017-01-05,91.08808898925781
2017-01-06,92.21957397460938
2017-01-09,90.17134094238281
2017-01-10,90.23741912841797
2017-01-11,91.30281829833984
2017-01-12,91.68274688720703
2017-01-13,92.1617431640625
2017-01-17,89.94007873535156
2017-01-18,90.82378387451172
2017-01-19,94.49901580810547
2017-01-20,93.81353759765625
2017-01-23,93.7804946899414
2017-01-24,96.31600189208984
2017-01-25,99.54524993896484
2017-01-26,98.70285034179688
2017-01-27,99.3965835571289
2017-01-30,98.80194091796875
2017-01-31,97.009765625
2017-02-01,99.5667724609375
2017-02-02,99.18489837646484
2017-02-03,100.00680541992188
2017-02-06,99.51697540283203
2017-02-07,100.35549926757812
2017-02-08,100.4052963256836
2017-02-09,100.16453552246094
2017-02-10,100.55472564697266
2017-02-13,101.45966339111328
2017-02-14,101.69213104248047
2017-02-15,101.874755859375
2017-02-16,102.05740356445312
2017-02-17,101.93286895751953
2017-02-21,102.5555419921875
2017-02-22,101.55098724365234
2017-02-23,99.64981079101562
2017-02-24,99.6913070678711
2017-02-27,100.55472564697266
2017-02-28,100.48001098632812
2017-03-01,102.40612030029297
2017-03-02,101.0943603515625
2017-03-03,101.6174087524414
2017-03-06,102.05740356445312
2017-03-07,101.28530883789062
2017-03-08,99.51697540283203
2017-03-09,99.12678527832031
2017-03-10,99.34263610839844
2017-03-13,99.23470306396484
2017-03-14,98.25505065917969
2017-03-15,97.55769348144531
2017-03-16,95.76444244384766
2017-03-17,95.23308563232422
2017-03-20,95.34101867675781
2017-03-21,92.56814575195312
2017-03-22,92.79228973388672
2017-03-23,91.77945709228516
2017-03-24,91.87078094482422
2017-03-27,92.26095581054688
2017-03-28,94.07910919189453
2017-03-29,93.98777770996094
2017-03-30,94.85120391845703
2017-03-31,92.95833587646484
2017-04-03,94.22856140136719
2017-04-04,95.63160705566406
2017-04-05,95.24971771240234
2017-04-06,96.2044448852539
2017-04-07,96.2210464477539
2017-04-10,95.88065338134766
2017-04-11,95.65650939941406
2017-04-12,92.80886840820312
2017-04-13,92.63453674316406
2017-04-17,93.97119903564453
2017-04-18,93.68891906738281
2017-04-19,93.43154907226562
2017-04-20,96.14632415771484
2017-04-21,96.61124420166016
2017-04-24,97.17577362060547
2017-04-25,96.95161437988281
2017-04-26,97.8150634765625
2017-04-27,98.62865447998047
2017-04-28,97.54107666015625
2017-05-01,97.72371673583984
2017-05-02,98.16375732421875
2017-05-03,97.81324768066406
2017-05-04,97.50447845458984
2017-05-05,97.64632415771484
2017-05-08,96.59484100341797
2017-05-09,97.36260223388672
2017-05-10,97.56289672851562
2017-05-11,97.41267395019531
2017-05-12,97.60462188720703
2017-05-15,97.74647521972656
2017-05-16,97.52115631103516
2017-05-17,93.5655746459961
2017-05-18,94.13304138183594
2017-05-19,94.52523803710938
2017-05-22,95.29302215576172
2017-05-23,95.44320678710938
2017-05-24,95.9439468383789
2017-05-25,99.94959259033203
2017-05-26,102.08595275878906
2017-05-30,103.58806610107422
2017-05-31,103.5046157836914
2017-06-01,103.8968505859375
2017-06-02,103.17913818359375
2017-06-05,102.22782897949219
2017-06-06,100.9343032836914
2017-06-07,100.32514953613281
2017-06-08,100.5003662109375
2017-06-09,99.2402572631836
2017-06-12,99.89118194580078
2017-06-13,100.750732421875
2017-06-14,98.71450805664062
2017-06-15,98.71450805664062
2017-06-16,99.4238510131836
2017-06-19,100.24166870117188
2017-06-20,98.24720764160156
2017-06-21,98.03024291992188
2017-06-22,97.97177124023438
2017-06-23,99.54901885986328
2017-06-26,99.70758819580078
2017-06-27,99.34040832519531
2017-06-28,100.7424087524414
2017-06-29,99.74095916748047
2017-06-30,101.5601806640625
2017-07-03,102.87875366210938
2017-07-05,102.36970520019531
2017-07-06,101.17633819580078
2017-07-07,102.09428405761719
2017-07-10,102.64506530761719
2017-07-11,102.22782897949219
2017-07-12,102.87875366210938
2017-07-13,102.30292510986328
2017-07-14,103.47958374023438
2017-07-17,103.06233978271484
2017-07-18,102.8620376586914
2017-07-19,100.7006607055664
2017-07-20,98.90645599365234
2017-07-21,98.34733581542969
2017-07-24,98.05524444580078
2017-07-25,99.29866790771484
2017-07-26,97.14566040039062
2017-07-27,94.30828857421875
2017-07-28,95.32640838623047
2017-07-31,93.94945526123047
2017-08-01,94.27491760253906
2017-08-02,93.86601257324219
2017-08-03,95.17493438720703
2017-08-04,96.16502380371094
2017-08-07,97.2390365600586
2017-08-08,98.34658813476562
2017-08-09,98.5563735961914
2017-08-10,96.86144256591797
2017-08-11,97.80120086669922
2017-08-14,100.31000518798828
2017-08-15,100.72115325927734
2017-08-16,101.04837799072266
2017-08-17,98.58991241455078
2017-08-18,99.5380630493164
2017-08-21,98.73255157470703
2017-08-22,101.023193359375
2017-08-23,99.79817199707031
2017-08-24,98.7912826538086
2017-08-25,99.18566131591797
2017-08-28,98.80809783935547
2017-08-29,100.18413543701172
2017-08-30,101.35044860839844
2017-08-31,101.12389373779297
2017-09-01,101.66089630126953
2017-09-05,101.61892700195312
2017-09-06,102.73490142822266
2017-09-07,103.9850845336914
2017-09-08,103.97671508789062
2017-09-11,106.0743637084961
2017-09-12,106.20863342285156
2017-09-13,106.3596420288086
2017-09-14,106.50227355957031
2017-09-15,107.43363189697266
2017-09-18,106.85470581054688
2017-09-19,107.23226165771484
2017-09-20,109.90049743652344
2017-09-21,109.67395782470703
2017-09-22,109.9089126586914
2017-09-25,109.38029479980469
2017-09-26,109.91728210449219
2017-09-27,111.18426513671875
2017-09-28,111.41917419433594
2017-09-29,110.95772552490234
2017-10-02,110.45427703857422
2017-10-03,110.39554595947266
2017-10-04,109.49775695800781
2017-10-05,110.01795959472656
2017-10-06,109.4642105102539
2017-10-09,109.74109649658203
2017-10-10,109.0782241821289
2017-10-11,110.32842254638672
2017-10-12,112.17434692382812
2017-10-13,110.46265411376953
2017-10-16,108.910400390625
2017-10-17,108.64192962646484
2017-10-18,109.51453399658203
2017-10-19,109.27959442138672
2017-10-20,111.38561248779297
2017-10-23,110.6472396850586
2017-10-24,111.0164566040039
2017-10-25,107.97905731201172
2017-10-26,111.8051986694336
2017-10-27,112.14080047607422
2017-10-30,111.42759704589844
2017-10-31,110.2696762084961
2017-11-01,110.62207794189453
2017-11-02,111.39759826660156
2017-11-03,109.88873291015625
2017-11-06,109.68641662597656
2017-11-07,109.12158966064453
2017-11-08,109.02046203613281
2017-11-09,107.89089965820312
2017-11-10,107.18279266357422
2017-11-13,107.5789794921875
2017-11-14,107.03949737548828
2017-11-15,106.56742858886719
2017-11-16,108.9277114868164
2017-11-17,107.51156616210938
2017-11-20,107.1153564453125
2017-11-21,108.82658386230469
2017-11-22,108.93617248535156
2017-11-24,109.5936508178711
2017-11-27,107.46096801757812
2017-11-28,109.71167755126953
2017-11-29,114.98863220214844
2017-11-30,116.8600082397461
2017-12-01,115.907470703125
2017-12-04,117.92218780517578
2017-12-05,117.03703308105469
2017-12-06,116.94432067871094
2017-12-07,118.88314819335938
2017-12-08,118.70613098144531
2017-12-11,119.32147216796875
2017-12-12,119.2456283569336
2017-12-13,119.55748748779297
2017-12-14,118.73983001708984
2017-12-15,118.95057678222656
2017-12-18,121.07488250732422
2017-12-19,121.15074157714844
2017-12-20,122.0948486328125
2017-12-21,121.62275695800781
2017-12-22,121.8250503540039
2017-12-26,121.89250183105469
2017-12-27,122.996826171875
2017-12-28,122.49099731445312
2017-12-29,122.1453857421875
2018-01-02,123.8819351196289
2018-01-03,123.89031982421875
2018-01-04,124.2359390258789
2018-01-05,126.67214965820312
2018-01-08,128.61093139648438
2018-01-09,129.47915649414062
2018-01-10,127.80167388916016
2018-01-11,129.8416748046875
2018-01-12,130.10299682617188
2018-01-16,128.973388671875
2018-01-17,129.85853576660156
2018-01-18,129.31903076171875
2018-01-19,127.62467193603516
2018-01-22,127.68368530273438
2018-01-23,127.84378051757812
2018-01-24,126.39393615722656
2018-01-25,124.95244598388672
2018-01-26,127.26219940185547
2018-01-29,127.6162338256836
2018-01-30,126.48665618896484
2018-01-31,127.18630981445312
2018-02-01,125.7549057006836
2018-02-02,122.8411865234375
2018-02-05,117.40342712402344
2018-02-06,121.16415405273438
2018-02-07,120.85070037841797
2018-02-08,115.94657897949219
2018-02-09,117.07308197021484
2018-02-12,118.5045166015625
2018-02-13,118.84333038330078
2018-02-14,120.48654174804688
2018-02-15,120.59659576416016
2018-02-16,120.81684112548828
2018-02-20,118.60618591308594
2018-02-21,117.64903259277344
2018-02-22,119.83428955078125
2018-02-23,120.7999038696289
2018-02-26,123.25623321533203
2018-02-27,120.97775268554688
2018-02-28,117.80150604248047
2018-03-01,117.4542465209961
2018-03-02,117.44575500488281
2018-03-05,119.28376770019531
2018-03-06,119.49551391601562
2018-03-07,119.19059753417969
2018-03-08,118.95343017578125
2018-03-09,123.26471710205078
2018-03-12,120.74906921386719
2018-03-13,120.59659576416016
2018-03-14,115.73480987548828
2018-03-15,116.5733413696289
2018-03-16,117.38650512695312
2018-03-19,117.8777084350586
2018-03-20,117.98783874511719
2018-03-21,118.11487579345703
2018-03-22,113.65962219238281
2018-03-23,111.95716094970703
2018-03-26,115.35364532470703
2018-03-27,113.15144348144531
2018-03-28,113.47332000732422
2018-03-29,115.0063705444336
2018-04-02,112.50770568847656
2018-04-03,112.9651107788086
2018-04-04,111.78777313232422
2018-04-05,113.24462127685547
2018-04-06,109.56859588623047
2018-04-09,109.1959228515625
2018-04-10,110.1106948852539
2018-04-11,111.00006103515625
2018-04-12,112.79569244384766
2018-04-13,113.08369445800781
2018-04-16,115.59928131103516
2018-04-17,114.81158447265625
2018-04-18,117.40342712402344
2018-04-19,117.61515045166016
2018-04-20,115.82796478271484
2018-04-23,116.68345642089844
2018-04-24,114.32028198242188
2018-04-25,123.62890625
2018-04-26,122.55318450927734
2018-04-27,124.18795013427734
2018-04-30,121.51984405517578
2018-05-01,120.68977355957031
2018-05-02,120.61357116699219
2018-05-03,119.98365020751953
2018-05-04,122.5204849243164
2018-05-07,123.8400650024414
2018-05-08,124.36784362792969
2018-05-09,128.48817443847656
2018-05-10,129.19473266601562
2018-05-11,129.73959350585938
2018-05-14,128.071044921875
2018-05-15,128.326416015625
2018-05-16,128.44557189941406
2018-05-17,129.80767822265625
2018-05-18,129.8162384033203
2018-05-21,129.8843536376953
2018-05-22,129.2288055419922
2018-05-23,128.1135711669922
2018-05-24,130.24185180664062
2018-05-25,130.2673797607422
2018-05-29,129.0925750732422
2018-05-30,131.81678771972656
2018-05-31,129.10113525390625
2018-06-01,132.14878845214844
2018-06-04,129.19473266601562
2018-06-05,128.48817443847656
2018-06-06,129.45016479492188
2018-06-07,129.56932067871094
2018-06-08,131.2975311279297
2018-06-11,132.90647888183594
2018-06-12,133.04270935058594
2018-06-13,131.2464141845703
2018-06-14,130.65049743652344
2018-06-15,131.66357421875
2018-06-18,130.91441345214844
2018-06-19,128.47120666503906
2018-06-20,128.607421875
2018-06-21,127.67942810058594
2018-06-22,129.24583435058594
2018-06-25,129.59487915039062
2018-06-26,128.5988311767578
2018-06-27,127.73048400878906
2018-06-28,127.45807647705078
2018-06-29,128.4370574951172
2018-07-02,129.577880859375
2018-07-03,128.48817443847656
2018-07-05,130.31851196289062
2018-07-06,131.5443878173828
2018-07-09,133.77481079101562
2018-07-10,135.1113739013672
2018-07-11,132.5999755859375
2018-07-12,134.08982849121094
2018-07-13,135.74984741210938
2018-07-16,132.14878845214844
2018-07-17,131.9189453125
2018-07-18,136.1329345703125
2018-07-19,136.6182098388672
2018-07-20,137.7845001220703
2018-07-23,138.75497436523438
2018-07-24,136.6182098388672
2018-07-25,143.32650756835938
2018-07-26,144.35655212402344
2018-07-27,143.22433471679688
2018-07-30,143.4286346435547
2018-07-31,143.87136840820312
2018-08-01,142.9604034423828
2018-08-02,144.13523864746094
2018-08-03,146.79541015625
2018-08-06,147.71058654785156
2018-08-07,148.12120056152344
2018-08-08,147.83888244628906
2018-08-09,146.85520935058594
2018-08-10,147.06912231445312
2018-08-13,146.36769104003906
2018-08-14,147.2829132080078
2018-08-15,147.00067138671875
2018-08-16,148.37779235839844
2018-08-17,148.8909912109375
2018-08-20,149.57525634765625
2018-08-21,150.6102752685547
2018-08-22,148.92526245117188
2018-08-23,148.523193359375
2018-08-24,149.5667266845703
2018-08-27,150.1740264892578
2018-08-28,149.80621337890625
2018-08-29,149.44699096679688
2018-08-30,148.99366760253906
2018-08-31,148.69424438476562
2018-09-04,149.1390380859375
2018-09-05,149.6693878173828
2018-09-06,149.35287475585938
2018-09-07,151.4827117919922
2018-09-10,154.06588745117188
2018-09-11,152.2439727783203
2018-09-12,152.26107788085938
2018-09-13,151.79920959472656
2018-09-14,153.45005798339844
2018-09-17,153.35594177246094
2018-09-18,159.7026824951172
2018-09-19,158.8216552734375
2018-09-20,157.62417602539062
2018-09-21,157.58993530273438
2018-09-24,156.1101531982422
2018-09-25,155.97332763671875
2018-09-26,154.4593505859375
2018-09-27,155.9562225341797
2018-09-28,154.39088439941406
2018-10-01,157.76959228515625
2018-10-02,155.10086059570312
2018-10-03,155.8877716064453
2018-10-04,156.89707946777344
2018-10-05,156.54641723632812
2018-10-08,157.37608337402344
2018-10-09,155.40879821777344
2018-10-10,146.77825927734375
2018-10-11,143.8102569580078
2018-10-12,145.572265625
2018-10-15,144.9392547607422
2018-10-16,147.41981506347656
2018-10-17,144.55438232421875
2018-10-18,140.4144744873047
2018-10-19,140.20919799804688
2018-10-22,140.22625732421875
2018-10-23,134.26451110839844
2018-10-24,137.01873779296875
2018-10-25,140.48291015625
2018-10-26,138.5155792236328
2018-10-29,137.7885284423828
2018-10-30,142.25347900390625
2018-10-31,143.5535888671875
2018-11-01,144.67947387695312
2018-11-02,144.89431762695312
2018-11-05,143.69972229003906
2018-11-06,143.57081604003906
2018-11-07,148.72750854492188
2018-11-08,148.12591552734375
2018-11-09,146.38119506835938
2018-11-12,143.53643798828125
2018-11-13,143.37310791015625
2018-11-14,143.87159729003906
2018-11-15,148.5813751220703
2018-11-16,147.8680419921875
2018-11-19,146.5616912841797
2018-11-20,139.87513732910156
2018-11-21,142.8832550048828
2018-11-23,140.86351013183594
2018-11-26,141.04403686523438
2018-11-27,139.91812133789062
2018-11-28,144.27554321289062
2018-11-29,144.7654571533203
2018-11-30,146.74215698242188
2018-12-03,147.97975158691406
2018-12-04,142.57383728027344
2018-12-06,139.39385986328125
2018-12-07,134.92471313476562
2018-12-10,133.97076416015625
2018-12-11,133.66136169433594
2018-12-12,134.6754913330078
2018-12-13,135.38026428222656
2018-12-14,129.67352294921875
2018-12-17,126.83732604980469
2018-12-18,127.50772857666016
2018-12-19,126.27869415283203
2018-12-20,125.42784118652344
2018-12-21,124.08712768554688
2018-12-24,120.1422348022461
2018-12-26,126.57950592041016
2018-12-27,127.98043823242188
2018-12-28,127.20687103271484
2018-12-31,128.52186584472656
2019-01-02,128.52186584472656
2019-01-03,123.7777099609375
2019-01-04,129.37271118164062
2019-01-07,130.2665557861328
2019-01-08,134.62393188476562
2019-01-09,136.66082763671875
2019-01-10,138.72357177734375
2019-01-11,140.5885467529297
2019-01-14,140.70875549316406
2019-01-15,139.6516876220703
2019-01-16,139.92677307128906
2019-01-17,141.877685546875
2019-01-18,145.2897186279297
2019-01-22,142.1011505126953
2019-01-23,141.12998962402344
2019-01-24,142.61683654785156
2019-01-25,141.9120635986328
2019-01-28,142.48789978027344
2019-01-29,143.46768188476562
2019-01-30,144.7138671875
2019-01-31,144.16384887695312
2019-02-01,146.45306396484375
2019-02-04,146.81594848632812
2019-02-05,145.89151000976562
2019-02-06,145.9779815673828
2019-02-07,147.26512145996094
2019-02-08,148.120361328125
2019-02-11,152.863037109375
2019-02-12,156.0248260498047
2019-02-13,156.3185577392578
2019-02-14,156.99240112304688
2019-02-15,157.97718811035156
2019-02-19,157.88221740722656
2019-02-20,158.5128173828125
2019-02-21,158.03765869140625
2019-02-22,158.3486785888672
2019-02-25,156.71591186523438
2019-02-26,155.9384307861328
2019-02-27,156.20628356933594
2019-02-28,154.89315795898438
2019-03-01,154.52166748046875
2019-03-04,155.3251190185547
2019-03-05,153.6318817138672
2019-03-06,154.5821533203125
2019-03-07,154.38348388671875
2019-03-08,152.71621704101562
2019-03-11,156.2235107421875
2019-03-12,154.93637084960938
2019-03-13,155.3164520263672
2019-03-14,154.6253662109375
2019-03-15,155.083251953125
2019-03-18,157.6834716796875
2019-03-19,154.44395446777344
2019-03-20,153.99476623535156
2019-03-21,156.0248260498047
2019-03-22,153.71829223632812
2019-03-25,155.33375549316406
2019-03-26,156.73321533203125
2019-03-27,157.58847045898438
2019-03-28,161.01808166503906
2019-03-29,161.4499969482422
2019-04-01,167.1947784423828
2019-04-02,166.72825622558594
2019-04-03,166.10633850097656
2019-04-04,165.44107055664062
2019-04-05,166.02857971191406
2019-04-08,167.61805725097656
2019-04-09,166.51231384277344
2019-04-10,166.39138793945312
2019-04-11,166.88377380371094
2019-04-12,169.44944763183594
2019-04-15,167.35028076171875
2019-04-16,166.91831970214844
2019-04-17,170.2701873779297
2019-04-18,171.54872131347656
2019-04-22,174.06256103515625
2019-04-23,174.21810913085938
2019-04-24,178.5633544921875
2019-04-25,175.20291137695312
2019-04-26,176.3518524169922
2019-04-29,175.22882080078125
2019-04-30,176.24822998046875
2019-05-01,172.94818115234375
2019-05-02,174.50123596191406
2019-05-03,177.910888671875
2019-05-06,177.21681213378906
2019-05-07,174.55328369140625
2019-05-08,174.8656005859375
2019-05-09,175.8720245361328
2019-05-10,175.7678985595703
2019-05-13,170.75318908691406
2019-05-14,173.9806671142578
2019-05-15,174.21490478515625
2019-05-16,178.04966735839844
2019-05-17,176.57479858398438
2019-05-20,177.40769958496094
2019-05-21,177.54653930664062
2019-05-22,176.53140258789062
2019-05-23,173.4774169921875
2019-05-24,172.88748168945312
2019-05-28,171.49929809570312
2019-05-29,169.34767150878906
2019-05-30,171.8983612060547
2019-05-31,169.3042449951172
2019-06-03,170.34536743164062
2019-06-04,174.5792999267578
2019-06-05,176.08895874023438
2019-06-06,173.3993682861328
2019-06-07,176.1583251953125
2019-06-10,174.74411010742188
2019-06-11,172.62722778320312
2019-06-12,172.85275268554688
2019-06-13,170.49290466308594
2019-06-14,168.95718383789062
2019-06-17,165.51283264160156
2019-06-18,167.8292999267578
2019-06-19,166.92701721191406
2019-06-20,170.31936645507812
2019-06-21,171.08287048339844
2019-06-24,167.6644744873047
2019-06-25,166.80557250976562
2019-06-26,167.26539611816406
2019-06-27,167.7946319580078
2019-06-28,172.9394989013672
2019-07-01,174.3190155029297
2019-07-02,173.90252685546875
2019-07-03,175.69851684570312
2019-07-05,174.33636474609375
2019-07-08,172.60118103027344
2019-07-09,171.5340118408203
2019-07-10,171.96783447265625
2019-07-11,174.82220458984375
2019-07-12,178.63966369628906
2019-07-15,177.08663940429688
2019-07-16,179.12557983398438
2019-07-17,165.72975158691406
2019-07-18,169.92893981933594
2019-07-19,169.34767150878906
2019-07-22,170.31068420410156
2019-07-23,170.63169860839844
2019-07-24,160.498046875
2019-07-25,162.72784423828125
2019-07-26,164.8361053466797
2019-07-29,166.57130432128906
2019-07-30,167.0224609375
2019-07-31,165.81646728515625
2019-08-01,161.3570556640625
2019-08-02,158.72354125976562
2019-08-05,156.90103149414062
2019-08-06,158.14801025390625
2019-08-07,156.1162567138672
2019-08-08,157.4067840576172
2019-08-09,154.95643615722656
2019-08-12,152.1921844482422
2019-08-13,154.7820281982422
2019-08-14,149.1924591064453
2019-08-15,148.11117553710938
2019-08-16,150.85797119140625
2019-08-19,152.05264282226562
2019-08-20,149.82899475097656
2019-08-21,151.90438842773438
2019-08-22,151.54689025878906
2019-08-23,147.61410522460938
2019-08-26,149.41915893554688
2019-08-27,148.19834899902344
2019-08-28,150.37838745117188
2019-08-29,152.12240600585938
2019-08-30,151.77357482910156
2019-09-03,148.9918670654297
2019-09-04,149.6110076904297
2019-09-05,153.71820068359375
2019-09-06,152.65435791015625
2019-09-09,154.6251220703125
2019-09-10,155.72378540039062
2019-09-11,154.3983154296875
2019-09-12,155.7063751220703
2019-09-13,158.8717803955078
2019-09-16,158.95025634765625
2019-09-17,157.5986328125
2019-09-18,158.95896911621094
2019-09-19,159.22926330566406
2019-09-20,157.3893585205078
2019-09-23,156.53472900390625
2019-09-24,159.4996337890625
2019-09-25,159.31651306152344
2019-09-26,159.55194091796875
2019-09-27,157.72073364257812
2019-09-30,156.6655731201172
2019-10-01,152.58456420898438
2019-10-02,147.9716339111328
2019-10-03,148.77392578125
2019-10-04,150.70103454589844
2019-10-07,149.6981964111328
2019-10-08,145.39918518066406
2019-10-09,147.46580505371094
2019-10-10,150.00341796875
2019-10-11,155.65402221679688
2019-10-14,155.6889190673828
2019-10-15,157.58120727539062
2019-10-16,157.9474334716797
2019-10-17,160.19720458984375
2019-10-18,158.6276397705078
2019-10-21,162.3598175048828
2019-10-22,164.77528381347656
2019-10-23,161.20875549316406
2019-10-24,159.73504638671875
2019-10-25,164.15618896484375
2019-10-28,163.72885131835938
2019-10-29,161.3570556640625
2019-10-30,161.31338500976562
2019-10-31,159.51666259765625
2019-11-01,166.45823669433594
2019-11-04,168.84219360351562
2019-11-05,169.8414306640625
2019-11-06,169.12274169921875
2019-11-07,171.4190673828125
2019-11-08,171.29632568359375
2019-11-11,170.01670837402344
2019-11-12,169.16648864746094
2019-11-13,167.29965209960938
2019-11-14,167.36976623535156
2019-11-15,167.4661865234375
2019-11-18,169.48207092285156
2019-11-19,168.80715942382812
2019-11-20,166.42320251464844
2019-11-21,167.06298828125
2019-11-22,169.3155059814453
2019-11-25,172.6197967529297
2019-11-26,171.97122192382812
2019-11-27,171.5592498779297
2019-11-29,169.59600830078125
2019-12-02,166.5897216796875
2019-12-03,163.20657348632812
2019-12-04,164.21450805664062
2019-12-05,164.6877899169922
2019-12-06,167.3434295654297
2019-12-09,165.6168212890625
2019-12-10,165.37139892578125
2019-12-11,167.41358947753906
2019-12-12,166.97537231445312
2019-12-13,166.5897216796875
2019-12-16,167.01919555664062
2019-12-17,166.90525817871094
2019-12-18,168.75454711914062
2019-12-19,168.2111358642578
2019-12-20,170.55133056640625
2019-12-23,170.28836059570312
2019-12-24,170.8318328857422
2019-12-26,170.42864990234375
2019-12-27,171.08596801757812
2019-12-30,169.6923828125
2019-12-31,170.14817810058594
2020-01-02,172.48834228515625
2020-01-03,172.1727752685547
2020-01-06,171.72576904296875
2020-01-07,172.40943908691406
2020-01-08,173.21578979492188
2020-01-09,173.80303955078125
2020-01-10,173.14569091796875
2020-01-13,175.53843688964844
2020-01-14,176.7830352783203
2020-01-15,177.82603454589844
2020-01-16,180.7709197998047
2020-01-17,183.461669921875
2020-01-21,179.34228515625
2020-01-22,178.04510498046875
2020-01-23,182.8394012451172
2020-01-24,182.18203735351562
2020-01-27,177.6244354248047
2020-01-28,179.46499633789062
2020-01-29,188.29095458984375
2020-01-30,188.00177001953125
2020-01-31,182.48880004882812
2020-02-03,181.4195098876953
2020-02-04,185.69664001464844
2020-02-05,187.3882293701172
2020-02-06,187.2297821044922
2020-02-07,185.02890014648438
2020-02-10,184.21022033691406
2020-02-11,184.1397705078125
2020-02-12,185.68038940429688
2020-02-13,185.3018341064453
2020-02-14,184.2982635498047
2020-02-18,183.12742614746094
2020-02-19,184.1397705078125
2020-02-20,185.5835418701172
2020-02-21,183.15383911132812
2020-02-24,178.70811462402344
2020-02-25,171.53338623046875
2020-02-26,167.3253936767578
2020-02-27,162.22824096679688
2020-02-28,160.52923583984375
2020-03-02,160.74044799804688
2020-03-03,155.69615173339844
2020-03-04,162.19300842285156
2020-03-05,154.3668670654297
2020-03-06,153.70660400390625
2020-03-09,136.01185607910156
2020-03-10,141.30264282226562
2020-03-11,133.24758911132812
2020-03-12,117.52481079101562
2020-03-13,129.2860870361328
2020-03-16,111.30962371826172
2020-03-17,122.88605499267578
2020-03-18,115.18310546875
2020-03-19,120.01615142822266
2020-03-20,108.90631866455078
2020-03-23,104.65428924560547
2020-03-24,123.449462890625
2020-03-25,123.59910583496094
2020-03-26,129.33889770507812
2020-03-27,126.20492553710938
2020-03-30,130.5449676513672
2020-03-31,128.52902221679688
2020-04-01,123.25578308105469
2020-04-02,126.52185821533203
2020-04-03,125.28936004638672
2020-04-06,136.23193359375
2020-04-07,135.15794372558594
2020-04-08,139.94696044921875
2020-04-09,140.2374725341797
2020-04-13,135.82696533203125
2020-04-14,136.88340759277344
2020-04-15,135.43959045410156
2020-04-16,134.9114227294922
2020-04-17,141.44349670410156
2020-04-20,135.3076171875
2020-04-21,132.05030822753906
2020-04-22,135.37799072265625
2020-04-23,137.20913696289062
2020-04-24,141.45230102539062
2020-04-27,146.90158081054688
2020-04-28,150.220458984375
2020-04-29,158.75094604492188
2020-04-30,150.62545776367188
2020-05-01,150.29971313476562
2020-05-04,147.90516662597656
2020-05-05,150.85426330566406
2020-05-06,148.06365966796875
2020-05-07,150.1263885498047
2020-05-08,154.70326232910156
2020-05-11,154.0924072265625
2020-05-12,147.65640258789062
2020-05-13,145.6645050048828
2020-05-14,147.47935485839844
2020-05-15,141.96401977539062
2020-05-18,151.1444091796875
2020-05-19,148.42665100097656
2020-05-20,153.73831176757812
2020-05-21,150.99395751953125
2020-05-22,151.79954528808594
2020-05-26,159.10311889648438
2020-05-27,163.75970458984375
2020-05-28,159.5811309814453
2020-05-29,157.83717346191406
2020-06-01,157.88140869140625
2020-06-02,162.94525146484375
2020-06-03,170.34620666503906
2020-06-04,169.53172302246094
2020-06-05,171.96627807617188
2020-06-08,169.52288818359375
2020-06-09,170.01864624023438
2020-06-10,166.92015075683594
2020-06-11,154.26947021484375
2020-06-12,157.73980712890625
2020-06-15,157.2351837158203
2020-06-16,158.2266845703125
2020-06-17,156.66859436035156
2020-06-18,154.37571716308594
2020-06-19,150.72833251953125
2020-06-22,151.79954528808594
2020-06-23,154.47312927246094
2020-06-24,149.7456512451172
2020-06-25,151.9854278564453
2020-06-26,150.3299560546875
2020-06-29,152.8707275390625
2020-06-30,155.42919921875
2020-07-01,151.84381103515625
2020-07-02,154.49078369140625
2020-07-06,158.1292724609375
2020-07-07,154.14553833007812
2020-07-08,155.15476989746094
2020-07-09,151.3037872314453
2020-07-10,151.25070190429688
2020-07-13,155.0396728515625
2020-07-14,157.51846313476562
2020-07-15,160.48416137695312
2020-07-16,161.93601989746094
2020-07-17,166.6545867919922
2020-07-20,164.81321716308594
2020-07-21,165.7073211669922
2020-07-22,167.38937377929688
2020-07-23,165.5302734375
2020-07-24,165.5568084716797
2020-07-27,168.141845703125
2020-07-28,163.865966796875
2020-07-29,170.70034790039062
2020-07-30,167.2034912109375
2020-07-31,170.16030883789062
2020-08-03,168.6199188232422
2020-08-04,170.31964111328125
2020-08-05,170.91278076171875
2020-08-06,174.159912109375
2020-08-07,177.02447509765625
2020-08-10,181.92625427246094
2020-08-11,183.33181762695312
2020-08-12,182.2375946044922
2020-08-13,181.8194580078125
2020-08-14,183.80331420898438
2020-08-17,185.3512420654297
2020-08-18,183.55422973632812
2020-08-19,182.72686767578125
2020-08-20,183.4652557373047
2020-08-21,185.8672332763672
2020-08-24,188.79408264160156
2020-08-25,190.03955078125
2020-08-26,189.5591278076172
2020-08-27,189.35452270507812
2020-08-28,191.29388427734375
2020-08-31,189.06982421875
2020-09-01,191.53411865234375
2020-09-02,190.6978302001953
2020-09-03,187.34396362304688
2020-09-04,186.01846313476562
2020-09-08,183.92784118652344
2020-09-09,188.86521911621094
2020-09-10,189.63922119140625
2020-09-11,193.53570556640625
2020-09-14,195.9732666015625
2020-09-15,197.5211639404297
2020-09-16,196.52479553222656
2020-09-17,198.33074951171875
2020-09-18,196.6315460205078
2020-09-21,190.6533660888672
2020-09-22,192.5037384033203
2020-09-23,189.87049865722656
2020-09-24,190.7600860595703
2020-09-25,194.968017578125
2020-09-28,196.62266540527344
2020-09-29,191.98777770996094
2020-09-30,190.3686981201172
2020-10-01,188.46490478515625
2020-10-02,189.1855010986328
2020-10-05,191.40953063964844
2020-10-06,189.95053100585938
2020-10-07,192.921875
2020-10-08,192.5037384033203
2020-10-09,194.2830047607422
2020-10-12,193.25103759765625
2020-10-13,191.2493896484375
2020-10-14,193.35777282714844
2020-10-15,195.13705444335938
2020-10-16,194.60325622558594
2020-10-19,190.08399963378906
2020-10-20,192.0411376953125
2020-10-21,189.09652709960938
2020-10-22,189.60357666015625
2020-10-23,191.62301635742188
2020-10-26,187.40621948242188
2020-10-27,181.16116333007812
2020-10-28,176.24159240722656
2020-10-29,182.92262268066406
2020-10-30,186.0362091064453
2020-11-02,191.32058715820312
2020-11-03,198.82891845703125
2020-11-04,196.41807556152344
2020-11-05,201.72496032714844
2020-11-06,199.37530517578125
2020-11-09,205.8614959716797
2020-11-10,211.00758361816406
2020-11-11,208.24693298339844
2020-11-12,206.07594299316406
2020-11-13,213.7593536376953
2020-11-16,220.4688720703125
2020-11-17,219.4593048095703
2020-11-18,216.0911102294922
2020-11-19,216.296630859375
2020-11-20,215.13516235351562
2020-11-23,216.96665954589844
2020-11-24,216.671875
2020-11-25,215.72479248046875
2020-11-27,216.85055541992188
2020-11-30,211.75804138183594
2020-12-01,213.3036346435547
2020-12-02,214.1256103515625
2020-12-03,211.87420654296875
2020-12-04,214.59022521972656
2020-12-07,213.58062744140625
2020-12-08,213.2322235107422
2020-12-09,215.18875122070312
2020-12-10,211.29348754882812
2020-12-11,210.17669677734375
2020-12-14,204.81619262695312
2020-12-15,205.30758666992188
2020-12-16,204.3247833251953
2020-12-17,206.1027374267578
2020-12-18,207.6215362548828
2020-12-21,205.61134338378906
2020-12-22,205.9329376220703
2020-12-23,208.2737274169922
2020-12-24,209.4083709716797
2020-12-28,211.48109436035156
2020-12-29,209.05099487304688
2020-12-30,210.828857421875
2020-12-31,212.28515625
2021-01-04,208.55963134765625
2021-01-05,210.58766174316406
2021-01-06,217.4133758544922
2021-01-07,223.22059631347656
2021-01-08,226.96397399902344
2021-01-11,227.2588653564453
2021-01-12,229.1082305908203
2021-01-13,227.35714721679688
2021-01-14,225.5524444580078
2021-01-15,225.99020385742188
2021-01-19,223.211669921875
2021-01-20,226.4190673828125
2021-01-21,219.2091827392578
2021-01-22,218.19065856933594
2021-01-25,219.74522399902344
2021-01-26,212.7140350341797
2021-01-27,210.52513122558594
2021-01-28,216.01963806152344
2021-01-29,211.40065002441406
2021-02-01,214.34007263183594
2021-02-02,220.09365844726562
2021-02-03,220.00430297851562
2021-02-04,220.28237915039062
2021-02-05,220.36309814453125
2021-02-08,218.69467163085938
2021-02-09,220.50665283203125
2021-02-10,220.03121948242188
2021-02-11,223.27847290039062
2021-02-12,228.59779357910156
2021-02-16,229.99717712402344
2021-02-17,226.9741973876953
2021-02-18,225.7901153564453
2021-02-19,231.4593048095703
2021-02-22,233.44174194335938
2021-02-23,231.33372497558594
2021-02-24,234.82313537597656
2021-02-25,227.93402099609375
2021-02-26,226.1040496826172
2021-03-01,231.2799072265625
2021-03-02,229.97923278808594
2021-03-03,227.94297790527344
2021-03-04,219.51097106933594
2021-03-05,229.63832092285156
2021-03-08,232.52679443359375
2021-03-09,232.42811584472656
2021-03-10,232.58956909179688
2021-03-11,233.89926147460938
2021-03-12,234.51815795898438
2021-03-15,233.4686279296875
2021-03-16,229.98817443847656
2021-03-17,231.575927734375
2021-03-18,235.98033142089844
2021-03-19,233.63909912109375
2021-03-22,233.78265380859375
2021-03-23,233.4686279296875
2021-03-24,237.09262084960938
2021-03-25,240.40261840820312
2021-03-26,244.8070831298828
2021-03-29,243.08474731445312
2021-03-30,242.4568328857422
2021-03-31,240.86912536621094
2021-04-01,243.2551727294922
2021-04-05,246.34999084472656
2021-04-06,243.29103088378906
2021-04-07,243.52430725097656
2021-04-08,240.10662841796875
2021-04-09,244.43032836914062
2021-04-12,243.58706665039062
2021-04-13,242.4927520751953
2021-04-14,243.8472442626953
2021-04-15,244.1163330078125
2021-04-16,242.96815490722656
2021-04-19,242.609375
2021-04-20,245.16583251953125
2021-04-21,251.57960510253906
2021-04-22,249.85731506347656
2021-04-23,252.9609832763672
2021-04-26,252.18960571289062
2021-04-27,252.82643127441406
2021-04-28,254.8357696533203
2021-04-29,251.7948760986328
2021-04-30,250.4852294921875
2021-05-03,253.9118194580078
2021-05-04,258.0560607910156
2021-05-05,257.45513916015625
2021-05-06,258.31024169921875
2021-05-07,260.8665771484375
2021-05-10,261.3526916503906
2021-05-11,258.0311279296875
2021-05-12,253.56654357910156
2021-05-13,258.34625244140625
2021-05-14,260.88458251953125
2021-05-17,257.20306396484375
2021-05-18,252.2344207763672
2021-05-19,251.54124450683594
2021-05-20,249.25489807128906
2021-05-21,249.64193725585938
2021-05-24,252.46841430664062
2021-05-25,250.20004272460938
2021-05-26,251.72129821777344
2021-05-27,251.4332275390625
2021-05-28,252.8464813232422
2021-06-01,253.33251953125
2021-06-02,251.253173828125
2021-06-03,251.64930725097656
2021-06-04,251.40618896484375
2021-06-07,247.3735809326172
2021-06-08,247.94972229003906
2021-06-09,246.41944885253906
2021-06-10,243.1429901123047
2021-06-11,244.37623596191406
2021-06-14,244.40318298339844
2021-06-15,245.94247436523438
2021-06-16,244.295166015625
2021-06-17,240.26260375976562
2021-06-18,235.3208770751953
2021-06-21,238.31834411621094
2021-06-22,237.70626831054688
2021-06-23,236.9141845703125
2021-06-24,238.48036193847656
2021-06-25,239.29946899414062
2021-06-28,237.1931915283203
2021-06-29,235.91500854492188
2021-06-30,238.90347290039062
2021-07-01,242.38694763183594
2021-07-02,243.85418701171875
2021-07-06,242.44093322753906
2021-07-07,246.05044555664062
2021-07-08,228.43492126464844
2021-07-09,237.3102264404297
2021-07-12,235.64495849609375
2021-07-13,235.18589782714844
2021-07-14,235.61795043945312
2021-07-15,237.09417724609375
2021-07-16,234.52877807617188
2021-07-19,228.47093200683594
2021-07-20,231.1802978515625
2021-07-21,234.61883544921875
2021-07-22,237.54421997070312
2021-07-23,238.82244873046875
2021-07-26,238.78640747070312
2021-07-27,236.67108154296875
2021-07-28,231.26138305664062
2021-07-29,230.46922302246094
2021-07-30,232.08042907714844
2021-08-02,230.5772247314453
2021-08-03,232.8995361328125
2021-08-04,228.27293395996094
2021-08-05,229.05599975585938
2021-08-06,231.43356323242188
2021-08-09,231.12615966796875
2021-08-10,234.1997833251953
2021-08-11,240.202392578125
2021-08-12,243.18557739257812
2021-08-13,243.1042022705078
2021-08-16,243.8365020751953
2021-08-17,241.1244659423828
2021-08-18,239.8227081298828
2021-08-19,237.0293426513672
2021-08-20,237.0925750732422
2021-08-23,238.30392456054688
2021-08-24,234.52523803710938
2021-08-25,236.08914184570312
2021-08-26,234.6427001953125
2021-08-27,235.77272033691406
2021-08-30,233.44044494628906
2021-08-31,229.2006378173828
2021-09-01,228.03451538085938
2021-09-02,229.3271942138672
2021-09-03,226.36209106445312
2021-09-07,224.3280792236328
2021-09-08,225.66598510742188
2021-09-09,223.8489532470703
2021-09-10,223.424072265625
2021-09-13,221.9686279296875
2021-09-14,221.29063415527344
2021-09-15,224.75299072265625
2021-09-16,224.1925048828125
2021-09-17,222.42062377929688
2021-09-20,218.37066650390625
2021-09-21,216.2734375
2021-09-22,216.52651977539062
2021-09-23,218.9221954345703
2021-09-24,221.5437469482422
2021-09-27,222.04095458984375
2021-09-28,221.67933654785156
2021-09-29,220.79345703125
2021-09-30,216.28244018554688
2021-10-01,220.16061401367188
2021-10-04,224.08404541015625
2021-10-05,230.64706420898438
2021-10-06,237.32763671875
2021-10-07,234.73313903808594
2021-10-08,239.45208740234375
2021-10-11,239.0542755126953
2021-10-12,236.00779724121094
2021-10-13,237.07449340820312
2021-10-14,243.92681884765625
2021-10-15,249.1248321533203
2021-10-18,249.27853393554688
2021-10-19,248.58253479003906
2021-10-20,252.4515838623047
2021-10-21,255.65171813964844
2021-10-22,259.0327453613281
2021-10-25,259.74688720703125
2021-10-26,259.21356201171875
2021-10-27,259.5027160644531
2021-10-28,265.0262145996094
2021-10-29,264.91778564453125
2021-11-01,260.9762878417969
2021-11-02,258.56268310546875
2021-11-03,260.0090637207031
2021-11-04,258.2123107910156
2021-11-05,257.62249755859375
2021-11-08,258.29400634765625
2021-11-09,258.25762939453125
2021-11-10,255.63514709472656
2021-11-11,250.37203979492188
2021-11-12,250.08160400390625
2021-11-15,249.90921020507812
2021-11-16,248.61160278320312
2021-11-17,249.18325805664062
2021-11-18,250.2903289794922
2021-11-19,248.38475036621094
2021-11-22,251.41558837890625
2021-11-23,253.8384552001953
2021-11-24,252.06895446777344
2021-11-26,244.69146728515625
2021-11-29,243.86566162109375
2021-11-30,240.71681213378906
2021-12-01,244.15602111816406
2021-12-02,253.0126495361328
2021-12-03,255.20867919921875
2021-12-06,260.6443176269531
2021-12-07,260.8529968261719
2021-12-08,259.9819030761719
2021-12-09,260.39019775390625
2021-12-10,262.7313537597656
2021-12-13,258.1577453613281
2021-12-14,257.4772644042969
2021-12-15,261.1343078613281
2021-12-16,263.5299072265625
2021-12-17,258.4300842285156
2021-12-20,255.39918518066406
2021-12-21,258.7749328613281
2021-12-22,258.8837890625
2021-12-23,260.91650390625
2021-12-27,264.5462646484375
2021-12-28,266.14337158203125
2021-12-29,268.3756408691406
2021-12-30,267.45013427734375
2021-12-31,270.15423583984375
2022-01-03,265.29034423828125
2022-01-04,267.44097900390625
2022-01-05,267.4319152832031
2022-01-06,269.1832580566406
2022-01-07,269.3375244140625
2022-01-10,261.3157958984375
2022-01-11,259.90924072265625
2022-01-12,261.50634765625
2022-01-13,263.21234130859375
2022-01-14,261.5970458984375
2022-01-18,250.28131103515625
2022-01-19,252.3230438232422
2022-01-20,253.36654663085938
2022-01-21,250.8348388671875
2022-01-24,250.73500061035156
2022-01-25,249.37387084960938
2022-01-26,244.1288299560547
2022-01-27,244.78216552734375
2022-01-28,246.81483459472656
2022-01-31,246.81483459472656
2022-02-01,249.00172424316406
2022-02-02,254.15609741210938
2022-02-03,251.4033660888672
2022-02-04,246.4814910888672
2022-02-07,240.66622924804688
2022-02-08,246.11685180664062
2022-02-09,249.70803833007812
2022-02-10,248.22235107421875
2022-02-11,243.55552673339844
2022-02-14,248.1676483154297
2022-02-15,250.77447509765625
2022-02-16,252.2602081298828
2022-02-17,249.04269409179688
2022-02-18,246.29910278320312
2022-02-22,235.47991943359375
2022-02-23,231.20509338378906
2022-02-24,231.5514373779297
2022-02-25,237.37574768066406
2022-02-28,233.8118896484375
2022-03-01,232.4902801513672
2022-03-02,245.38763427734375
2022-03-03,247.92152404785156
2022-03-04,259.3787841796875
2022-03-07,253.67295837402344
2022-03-08,242.1519317626953
2022-03-09,240.4383544921875
2022-03-10,245.96189880371094
2022-03-11,243.67405700683594
2022-03-14,242.53475952148438
2022-03-15,244.33030700683594
2022-03-16,249.12466430664062
2022-03-17,250.1000213623047
2022-03-18,250.50103759765625
2022-03-21,253.5271453857422
2022-03-22,254.2563018798828
2022-03-23,252.68853759765625
2022-03-24,254.80319213867188
2022-03-25,258.27593994140625
2022-03-28,259.4244384765625
2022-03-29,260.37237548828125
2022-03-30,263.55328369140625
2022-03-31,259.9713134765625
2022-04-01,242.306884765625
2022-04-04,243.27304077148438
2022-04-05,239.03466796875
2022-04-06,234.1855926513672
2022-04-07,235.762451171875
2022-04-08,235.2975616455078
2022-04-11,233.16473388671875
2022-04-12,235.81715393066406
2022-04-13,237.83148193359375
2022-04-14,239.77293395996094
2022-04-18,239.2716827392578
2022-04-19,241.41363525390625
2022-04-20,244.1936492919922
2022-04-21,245.93453979492188
2022-04-22,235.6986541748047
2022-04-25,236.74685668945312
2022-04-26,232.09835815429688
2022-04-27,239.28990173339844
2022-04-28,242.31602478027344
2022-04-29,235.05148315429688
2022-05-02,233.89395141601562
2022-05-03,233.41082763671875
2022-05-04,241.24046325683594
2022-05-05,235.23301696777344
2022-05-06,234.19821166992188
2022-05-09,228.48379516601562
2022-05-10,225.04971313476562
2022-05-11,225.7731170654297
2022-05-12,225.3335723876953
2022-05-13,228.31895446777344
2022-05-16,226.2859649658203
2022-05-17,230.4984588623047
2022-05-18,217.5587158203125
2022-05-19,208.82228088378906
2022-05-20,209.58238220214844
2022-05-23,213.18133544921875
2022-05-24,212.7417755126953
2022-05-25,213.0165252685547
2022-05-26,216.76202392578125
2022-05-27,220.7272491455078
2022-05-31,219.47268676757812
2022-06-01,221.56060791015625
2022-06-02,226.02040100097656
2022-06-03,224.05149841308594
2022-06-06,224.0697784423828
2022-06-07,228.39218139648438
2022-06-08,222.35731506347656
2022-06-09,217.4488067626953
2022-06-10,210.040283203125
2022-06-13,204.28009033203125
2022-06-14,204.04197692871094
2022-06-15,205.5896453857422
2022-06-16,204.023681640625
2022-06-17,202.81484985351562
2022-06-21,205.31491088867188
2022-06-22,205.2599639892578
2022-06-23,203.0163116455078
2022-06-24,211.02015686035156
2022-06-27,208.5475616455078
2022-06-28,207.3204345703125
2022-06-29,207.9980926513672
2022-06-30,208.1446075439453
2022-07-01,209.29847717285156
2022-07-05,205.29660034179688
2022-07-06,206.72518920898438
2022-07-07,209.48167419433594
2022-07-08,207.14645385742188
2022-07-11,206.5695037841797
2022-07-12,203.62991333007812
2022-07-13,202.81484985351562
2022-07-14,203.02549743652344
2022-07-15,208.69407653808594
2022-07-18,209.7655029296875
2022-07-19,216.29495239257812
2022-07-20,217.8334197998047
2022-07-21,221.71629333496094
2022-07-22,222.6228790283203
2022-07-25,226.10281372070312
2022-07-26,224.00572204589844
2022-07-27,222.75112915039062
2022-07-28,224.20716857910156
2022-07-29,230.0131378173828
2022-08-01,231.69815063476562
2022-08-02,227.1284637451172
2022-08-03,229.21640014648438
2022-08-04,229.79335021972656
2022-08-05,231.01736450195312
2022-08-08,229.83938598632812
2022-08-09,229.47125244140625
2022-08-10,237.04544067382812
2022-08-11,239.47508239746094
2022-08-12,240.97520446777344
2022-08-15,236.57606506347656
2022-08-16,237.08226013183594
2022-08-17,237.25711059570312
2022-08-18,237.99337768554688
2022-08-19,235.37046813964844
2022-08-22,236.43804931640625
2022-08-23,237.7172393798828
2022-08-24,239.11614990234375
2022-08-25,242.03350830078125
2022-08-26,232.83042907714844
2022-08-29,231.78123474121094
2022-08-30,225.26541137695312
2022-08-31,223.75607299804688
2022-09-01,221.91549682617188
2022-09-02,220.19447326660156
2022-09-06,220.79269409179688
2022-09-07,223.8389129638672
2022-09-08,226.33294677734375
2022-09-09,229.94061279296875
2022-09-12,230.61244201660156
2022-09-13,223.91256713867188
2022-09-14,219.07167053222656
2022-09-15,219.8263397216797
2022-09-16,215.33522033691406
2022-09-19,217.27708435058594
2022-09-20,211.29501342773438
2022-09-21,209.7305145263672
2022-09-22,206.80389404296875
2022-09-23,200.30650329589844
2022-09-26,197.64674377441406
2022-09-27,196.80007934570312
2022-09-28,199.45059204101562
2022-09-29,197.45347595214844
2022-09-30,192.94393920898438
2022-10-03,199.52420043945312
2022-10-04,205.38661193847656
2022-10-05,203.40794372558594
2022-10-06,201.48448181152344
2022-10-07,197.471923828125
2022-10-10,195.3275604248047
2022-10-11,195.83375549316406
2022-10-12,194.4809112548828
2022-10-13,198.42904663085938
2022-10-14,196.4779815673828
2022-10-17,201.64093017578125
2022-10-18,204.6227569580078
2022-10-19,200.27882385253906
2022-10-20,188.5448455810547
2022-10-21,191.4622344970703
2022-10-24,196.23867797851562
2022-10-25,198.57627868652344
2022-10-26,204.42030334472656
2022-10-27,205.77316284179688
2022-10-28,210.88087463378906
2022-10-31,209.89617919921875
2022-11-01,211.66319274902344
2022-11-02,207.4389190673828
2022-11-03,210.2614288330078
2022-11-04,216.35980224609375
2022-11-07,218.05331420898438
2022-11-08,218.69186401367188
2022-11-09,213.343017578125
2022-11-10,224.85504150390625
2022-11-11,232.19349670410156
2022-11-14,232.90606689453125
2022-11-15,229.63014221191406
2022-11-16,231.09226989746094
2022-11-17,227.24261474609375
2022-11-18,228.3530731201172
2022-11-21,230.66661071777344
2022-11-22,232.36932373046875
2022-11-23,232.37860107421875
2022-11-25,233.4983673095703
2022-11-28,230.00953674316406
2022-11-29,234.46075439453125
2022-11-30,237.3665313720703
2022-12-01,237.23695373535156
2022-12-02,235.11781311035156
2022-12-05,228.86207580566406
2022-12-06,224.45712280273438
2022-12-07,223.53170776367188
2022-12-08,227.34442138671875
2022-12-09,225.84521484375
2022-12-12,234.17388916015625
2022-12-13,238.6898651123047
2022-12-14,239.14329528808594
2022-12-15,233.47056579589844
2022-12-16,231.90667724609375
2022-12-19,228.57518005371094
2022-12-20,224.79953002929688
2022-12-21,228.2975616455078
2022-12-22,227.14077758789062
2022-12-23,229.0378875732422
2022-12-27,230.90719604492188
2022-12-28,227.45542907714844
2022-12-29,229.69493103027344
2022-12-30,228.03846740722656
2023-01-03,229.22296142578125
2023-01-04,232.18426513671875
2023-01-05,229.01937866210938
2023-01-06,236.70947265625
2023-01-09,235.265869140625
2023-01-10,235.654541015625
2023-01-11,237.0334014892578
2023-01-12,235.2103271484375
2023-01-13,236.09873962402344
2023-01-17,237.5146026611328
2023-01-18,235.67303466796875
2023-01-19,231.2403564453125
2023-01-20,234.7384033203125
2023-01-23,237.31100463867188
2023-01-24,236.79275512695312
2023-01-25,224.84580993652344
2023-01-26,223.18931579589844
2023-01-27,220.99609375
2023-01-30,220.4408721923828
2023-01-31,227.4739532470703
2023-02-01,230.23162841796875
2023-02-02,237.11703491210938
2023-02-03,234.586181640625
2023-02-06,229.31982421875
2023-02-07,230.44564819335938
2023-02-08,229.46868896484375
2023-02-09,222.36001586914062
2023-02-10,225.73756408691406
2023-02-13,223.03924560546875
2023-02-14,218.91732788085938
2023-02-15,221.71798706054688
2023-02-16,214.0231475830078
2023-02-17,212.28318786621094
2023-02-21,208.93356323242188
2023-02-22,206.55160522460938
2023-02-23,208.29153442382812
2023-02-24,209.13827514648438
2023-02-27,209.6407012939453
2023-02-28,209.18478393554688
2023-03-01,209.7337646484375
2023-03-02,212.71121215820312
2023-03-03,212.50650024414062
2023-03-06,206.95166015625
2023-03-07,200.21517944335938
2023-03-08,201.26663208007812
2023-03-09,198.3822021484375
2023-03-10,195.81414794921875
2023-03-13,193.19027709960938
2023-03-14,193.6089630126953
2023-03-15,190.91064453125
2023-03-16,193.0134735107422
2023-03-17,189.7196807861328
2023-03-20,191.05023193359375
2023-03-21,191.1060333251953
2023-03-22,186.6305694580078
2023-03-23,185.5512237548828
2023-03-24,186.3328094482422
2023-03-27,188.81715393066406
2023-03-28,190.3616943359375
2023-03-29,192.83670043945312
2023-03-30,194.31614685058594
2023-03-31,197.25636291503906
2023-04-03,194.26028442382812
2023-04-04,190.7617950439453
2023-04-05,188.9194793701172
2023-04-06,191.12466430664062
2023-04-10,188.24024963378906
2023-04-11,191.5061492919922
2023-04-12,191.97137451171875
2023-04-13,192.58546447753906
2023-04-14,193.1530303955078
2023-04-17,195.1256103515625
2023-04-18,195.10699462890625
2023-04-19,195.24656677246094
2023-04-20,197.08888244628906
2023-04-21,196.89349365234375
2023-04-24,197.17262268066406
2023-04-25,192.7157745361328
2023-04-26,187.0399627685547
2023-04-27,186.89109802246094
2023-04-28,188.91014099121094
2023-05-01,194.1021270751953
2023-05-02,189.7103729248047
2023-05-03,188.8636474609375
2023-05-04,191.0180206298828
2023-05-05,195.50477600097656
2023-05-08,193.96856689453125
2023-05-09,195.111328125
2023-05-10,195.29869079589844
2023-05-11,196.99407958984375
2023-05-12,198.49278259277344
2023-05-15,199.43881225585938
2023-05-16,199.00794982910156
2023-05-17,201.36839294433594
2023-05-18,202.48304748535156
2023-05-19,203.95364379882812
2023-05-22,204.42198181152344
2023-05-23,200.450439453125
2023-05-24,197.62164306640625
2023-05-25,197.84645080566406
2023-05-26,197.23760986328125
2023-05-30,197.81837463378906
2023-05-31,194.99893188476562
2023-06-01,198.7738037109375
2023-06-02,202.2020263671875
2023-06-05,200.77828979492188
2023-06-06,198.76441955566406
2023-06-07,204.34707641601562
2023-06-08,203.83189392089844
2023-06-09,202.49240112304688
2023-06-12,202.2676239013672
2023-06-13,204.44073486328125
2023-06-14,207.38189697265625
2023-06-15,209.16160583496094
2023-06-16,209.94839477539062
2023-06-20,206.44522094726562
2023-06-21,206.81051635742188
2023-06-22,206.173583984375
2023-06-23,204.19717407226562
2023-06-26,207.8034210205078
2023-06-27,208.4965362548828
2023-06-28,209.03045654296875
2023-06-29,211.67193603515625
2023-06-30,212.4025115966797
2023-07-03,214.3883056640625
2023-07-05,212.80532836914062
2023-07-06,212.82406616210938
2023-07-07,212.36505126953125
2023-07-10,214.4351043701172
2023-07-11,217.3295135498047
2023-07-12,216.34597778320312
2023-07-13,218.73452758789062
2023-07-14,219.91473388671875
2023-07-17,218.41604614257812
2023-07-18,220.251953125
2023-07-19,222.37823486328125
2023-07-20,222.4531707763672
2023-07-21,218.25682067871094
2023-07-24,220.46737670898438
2023-07-25,222.16281127929688
2023-07-26,221.92861938476562
2023-07-27,220.43930053710938
2023-07-28,221.6757049560547
2023-07-31,218.80007934570312
2023-08-01,219.156005859375
2023-08-02,215.6434783935547
2023-08-03,214.14535522460938
2023-08-04,211.65792846679688
2023-08-07,211.31871032714844
2023-08-08,206.8903045654297
2023-08-09,205.40164184570312
2023-08-10,204.92111206054688
2023-08-11,203.4324493408203
2023-08-14,202.9801788330078
2023-08-15,196.78042602539062
2023-08-16,195.64036560058594
2023-08-17,196.44125366210938
2023-08-18,199.85205078125
2023-08-21,197.94879150390625
2023-08-22,196.65794372558594
2023-08-23,198.4293212890625
2023-08-24,196.5072021484375
2023-08-25,198.47640991210938
2023-08-28,198.99462890625
2023-08-29,195.7251739501953
2023-08-30,197.32691955566406
2023-08-31,193.16233825683594
2023-09-01,194.45318603515625
2023-09-05,189.46890258789062
2023-09-06,186.95318603515625
2023-09-07,184.85205078125
2023-09-08,184.3338623046875
2023-09-11,184.64476013183594
2023-09-12,187.07569885253906
2023-09-13,189.12969970703125
2023-09-14,194.6604766845703
2023-09-15,192.23898315429688
2023-09-18,192.3332061767578
2023-09-19,190.24148559570312
2023-09-20,193.42616271972656
2023-09-21,189.64788818359375
2023-09-22,190.7974090576172
2023-09-25,191.1554412841797
2023-09-26,186.81185913085938
2023-09-27,184.8803253173828
2023-09-28,185.97328186035156
2023-09-29,185.5492706298828
2023-10-02,180.43310546875
2023-10-03,181.2999267578125
2023-10-04,181.8087158203125
2023-10-05,179.66990661621094
2023-10-06,180.44252014160156
2023-10-09,184.43746948242188
2023-10-10,189.205078125
2023-10-11,190.32630920410156
2023-10-12,189.365234375
2023-10-13,189.3275604248047
2023-10-16,195.55557250976562
2023-10-17,195.81936645507812
2023-10-18,191.68309020996094
2023-10-19,188.5266876220703
2023-10-20,190.0436553955078
2023-10-23,185.52102661132812
2023-10-24,184.899169921875
2023-10-25,175.0531005859375
2023-10-26,174.59140014648438
2023-10-27,173.86587524414062
2023-10-30,176.73020935058594
2023-10-31,179.76412963867188
2023-11-01,179.19882202148438
2023-11-02,182.0646209716797
2023-11-03,184.6267547607422
2023-11-06,185.30999755859375
2023-11-07,184.47494506835938
2023-11-08,184.86399841308594
2023-11-09,183.91506958007812
2023-11-10,186.82830810546875
2023-11-13,188.906494140625
2023-11-14,193.69866943359375
2023-11-15,196.441162109375
2023-11-16,197.70323181152344
2023-11-17,200.26539611816406
2023-11-20,201.29025268554688
2023-11-21,202.22021484375
2023-11-22,202.98886108398438
2023-11-24,204.83929443359375
2023-11-27,201.06251525878906
2023-11-28,201.55593872070312
2023-11-29,204.09913635253906
2023-11-30,207.02186584472656
2023-12-01,214.9076385498047
2023-12-04,216.38795471191406
2023-12-05,212.4783172607422
2023-12-06,216.43539428710938
2023-12-07,215.78065490722656
2023-12-08,209.7168731689453
2023-12-11,210.4285888671875
2023-12-12,210.92202758789062
2023-12-13,215.98941040039062
2023-12-14,221.83489990234375
2023-12-15,220.41148376464844
2023-12-18,220.3355712890625
2023-12-19,221.69253540039062
2023-12-20,218.04861450195312
2023-12-21,222.4517364501953
2023-12-22,222.1670379638672
2023-12-26,224.273681640625
2023-12-27,223.5050506591797
2023-12-28,224.45399475097656
2023-12-29,224.3116455078125
2024-01-02,223.62841796875
2024-01-03,221.0757598876953
2024-01-04,219.22532653808594
2024-01-05,217.32742309570312
2024-01-08,217.98219299316406
2024-01-09,216.02737426757812
2024-01-10,217.16610717773438
2024-01-11,215.0309600830078
2024-01-12,217.81137084960938
2024-01-16,217.39382934570312
2024-01-17,214.59446716308594
2024-01-18,222.29989624023438
2024-01-19,222.10060119628906
2024-01-22,227.87966918945312
2024-01-23,229.22720336914062
2024-01-24,224.9664306640625
2024-01-25,225.7065887451172
2024-01-26,222.29989624023438
2024-01-29,226.23802185058594
2024-01-30,224.75765991210938
2024-01-31,223.2298583984375
2024-02-01,243.59719848632812
2024-02-02,239.63636779785156
2024-02-05,237.15487670898438
2024-02-06,240.38082885742188
2024-02-07,239.13050842285156
2024-02-08,242.47100830078125
2024-02-09,243.2154541015625
2024-02-12,242.346923828125
2024-02-13,238.86329650878906
2024-02-14,240.7625732421875
2024-02-15,242.74778747558594
2024-02-16,240.55262756347656
2024-02-20,242.2228546142578
2024-02-21,245.8782958984375
2024-02-22,244.5134735107422
2024-02-23,246.2505340576172
2024-02-26,242.94822692871094
2024-02-27,240.97256469726562
2024-02-28,241.99378967285156
2024-02-29,241.83154296875
2024-03-01,245.75421142578125
2024-03-04,247.35765075683594
2024-03-05,245.62059020996094
2024-03-06,242.7954864501953
2024-03-07,243.72129821777344
2024-03-08,247.7107696533203
2024-03-11,246.48916625976562
2024-03-12,248.9133758544922
2024-03-13,251.13719177246094
2024-03-14,246.69911193847656
2024-03-15,244.1698760986328
2024-03-18,244.54212951660156
2024-03-19,244.90478515625
2024-03-20,249.3237762451172
2024-03-21,246.04055786132812
2024-03-22,242.53781127929688
2024-03-25,236.7253875732422
2024-03-26,235.95228576660156
2024-03-27,240.2471923828125
2024-03-28,243.25363159179688
2024-04-01,240.51443481445312
2024-04-02,239.3309326171875
2024-04-03,240.35220336914062
2024-04-04,237.1835174560547
2024-04-05,238.63421630859375
2024-04-08,238.8537139892578
2024-04-09,241.84107971191406
2024-04-10,238.27151489257812
2024-04-11,238.34788513183594
2024-04-12,234.53976440429688
2024-04-15,234.37753295898438
2024-04-16,231.83876037597656
2024-04-17,228.4314422607422
2024-04-18,229.31907653808594
2024-04-19,230.2830047607422
2024-04-22,233.4612579345703
2024-04-23,233.86212158203125
2024-04-24,225.4536590576172
2024-04-25,229.8535614013672
2024-04-26,229.0041046142578
2024-04-29,230.43576049804688
2024-04-30,219.8225860595703
2024-05-01,220.07073974609375
2024-05-02,224.4580841064453
2024-05-03,226.13816833496094
2024-05-06,221.26116943359375
2024-05-07,223.03724670410156
2024-05-08,222.86444091796875
2024-05-09,217.2865753173828
2024-05-10,221.08837890625
2024-05-13,221.75079345703125
2024-05-14,220.75233459472656
2024-05-15,222.11558532714844
2024-05-16,223.25802612304688
2024-05-17,222.22120666503906
2024-05-20,221.12673950195312
2024-05-21,215.73130798339844
2024-05-22,221.40516662597656
2024-05-23,217.25778198242188
2024-05-24,217.79539489746094
2024-05-28,213.9072265625
2024-05-29,210.25906372070312
2024-05-30,211.86233520507812
2024-05-31,215.81771850585938
2024-06-03,214.8480682373047
2024-06-04,212.85118103027344
2024-06-05,214.37765502929688
2024-06-06,215.72171020507812
2024-06-07,215.11692810058594
2024-06-10,216.11532592773438
2024-06-11,215.9425048828125
2024-06-12,215.1744842529297
2024-06-13,212.97598266601562
2024-06-14,211.11351013183594
2024-06-17,212.07354736328125
2024-06-18,213.07200622558594
2024-06-20,215.52972412109375
2024-06-21,215.88490295410156
2024-06-24,209.94224548339844
2024-06-25,204.8444061279297
2024-06-26,203.99957275390625
2024-06-27,201.51307678222656
2024-06-28,206.11167907714844
2024-07-01,205.50685119628906
2024-07-02,206.9373321533203
2024-07-03,207.6573486328125
2024-07-05,207.23495483398438
2024-07-08,205.6892547607422
2024-07-09,205.20924377441406
2024-07-10,206.24609375
2024-07-11,212.11196899414062
2024-07-12,212.50555419921875
2024-07-15,218.65943908691406
2024-07-16,225.40855407714844
2024-07-17,225.08212280273438
2024-07-18,221.1747589111328
2024-07-19,218.8418426513672
2024-07-22,218.9186553955078
2024-07-23,215.3184814453125
2024-07-24,212.4959716796875
2024-07-25,213.99363708496094
2024-07-26,237.34190368652344
2024-07-29,237.73550415039062
2024-07-30,239.73239135742188
2024-07-31,239.58839416503906
2024-08-01,236.6122589111328
2024-08-02,234.97120666503906
2024-08-05,231.37049865722656
2024-08-06,235.3959503173828
2024-08-07,231.66009521484375
2024-08-08,233.63902282714844
2024-08-09,231.3125762939453
2024-08-12,228.95716857910156
2024-08-13,231.07122802734375
2024-08-14,233.58111572265625
2024-08-15,232.78953552246094
2024-08-16,232.10415649414062
2024-08-19,232.808837890625
2024-08-20,232.42269897460938
2024-08-21,233.1563720703125
2024-08-22,228.8799591064453
2024-08-23,232.30686950683594
2024-08-26,233.9672393798828
2024-08-27,240.2611846923828
2024-08-28,241.61265563964844
2024-08-29,243.28269958496094
2024-08-30,247.27914428710938
2024-09-03,245.73460388183594
2024-09-04,250.68675231933594
2024-09-05,243.9970245361328
2024-09-06,241.34237670898438
2024-09-09,247.9066162109375
2024-09-10,248.4471893310547
2024-09-11,244.9720458984375
2024-09-12,245.76361083984375
2024-09-13,237.2783203125
2024-09-16,238.50433349609375
2024-09-17,237.70309448242188
2024-09-18,240.64732360839844
2024-09-19,243.12823486328125
2024-09-20,239.26690673828125
2024-09-23,237.4713897705078
2024-09-24,238.36915588378906
2024-09-25,234.86500549316406
2024-09-26,235.8689422607422
2024-09-27,237.9250946044922
2024-09-30,239.88470458984375
2024-10-01,239.53720092773438
2024-10-02,238.4656982421875
2024-10-03,236.39022827148438
2024-10-04,239.32479858398438
2024-10-07,235.3090362548828
2024-10-08,234.76846313476562
2024-10-09,236.66053771972656
2024-10-10,237.38449096679688
2024-10-11,241.49681091308594
2024-10-14,245.03961181640625
2024-10-15,245.5126190185547
2024-10-16,246.78683471679688
2024-10-17,239.6337432861328
2024-10-18,243.62054443359375
2024-10-21,239.5565185546875
2024-10-22,251.401123046875
2024-10-23,248.0707244873047
2024-10-24,244.63414001464844
2024-10-25,242.3849334716797
2024-10-28,244.79824829101562
2024-10-29,243.65916442871094
2024-10-30,243.97772216796875
2024-10-31,241.74778747558594
2024-11-01,242.7280731201172
2024-11-04,240.30166625976562
2024-11-05,244.6885986328125
2024-11-06,268.8459167480469
2024-11-07,262.74102783203125
2024-11-08,263.6728210449219
2024-11-11,263.1292724609375
2024-11-12,259.57708740234375
2024-11-13,261.3337707519531
2024-11-14,256.9662170410156
2024-11-15,253.5692596435547
2024-11-18,254.50100708007812
2024-11-19,252.06484985351562
2024-11-20,251.30784606933594
2024-11-21,256.4809265136719
2024-11-22,261.03289794921875
2024-11-25,267.8074035644531
2024-11-26,267.96270751953125
2024-11-27,267.27362060546875
2024-11-29,267.7297668457031
2024-12-02,264.72100830078125
2024-12-03,262.1684265136719
2024-12-04,259.7517395019531
2024-12-05,256.2286376953125
2024-12-06,253.10336303710938
2024-12-09,249.2793731689453
2024-12-10,248.541748046875
2024-12-11,239.97166442871094
2024-12-12,241.00047302246094
2024-12-13,238.97198486328125
2024-12-16,235.67208862304688
2024-12-17,235.3323974609375
2024-12-18,230.79986572265625
2024-12-19,223.81179809570312
2024-12-20,227.2572784423828
2024-12-23,228.82962036132812
2024-12-24,230.91632080078125
2024-12-26,230.1981201171875
2024-12-27,228.32492065429688
2024-12-30,226.61672973632812
2024-12-31,227.79110717773438
2025-01-02,227.6940460205078
2025-01-03,228.93637084960938
2025-01-06,229.98458862304688
2025-01-07,230.76104736328125
2025-01-08,229.93606567382812
2025-01-10,227.05348205566406
2025-01-13,230.372802734375
2025-01-14,232.1974639892578
2025-01-15,233.28448486328125
2025-01-16,239.83580017089844
2025-01-17,238.11790466308594
2025-01-21,244.43626403808594
2025-01-22,244.43626403808594
2025-01-23,248.60000610351562
2025-01-24,247.17324829101562
2025-01-27,252.1134033203125
2025-01-28,244.89244079589844
2025-01-29,249.18231201171875
2025-01-30,249.62876892089844
2025-01-31,247.7847137451172
2025-02-03,242.95130920410156
2025-02-04,245.47476196289062
2025-02-05,245.07684326171875
2025-02-06,244.07713317871094
2025-02-07,243.07208251953125
2025-02-10,247.2972869873047
2025-02-11,250.24424743652344
2025-02-12,247.76568603515625
2025-02-13,250.99559020996094
2025-02-14,249.7953643798828
2025-02-18,252.16656494140625
2025-02-19,243.02330017089844
2025-02-20,243.3745880126953
2025-02-21,241.76449584960938
2025-02-24,238.19308471679688
2025-02-25,239.1688690185547
2025-02-26,236.20242309570312
2025-02-27,236.31951904296875
2025-02-28,239.8031463623047
2025-03-03,239.20791625976562
2025-03-04,232.73834228515625
2025-03-05,232.86521911621094
2025-03-06,232.43585205078125
2025-03-07,236.3585662841797
2025-03-10,233.3140869140625
2025-03-11,227.3421630859375
2025-03-12,225.37103271484375
2025-03-13,222.18017578125
2025-03-14,226.67861938476562
2025-03-17,228.71804809570312
2025-03-18,228.87417602539062
2025-03-19,228.98150634765625
2025-03-20,227.88861083984375
2025-03-21,226.1419219970703
2025-03-24,229.84999084472656
2025-03-25,228.33749389648438
2025-03-26,230.0548858642578
2025-03-27,229.51820373535156
2025-03-28,224.97096252441406
2025-03-31,231.11851501464844
2025-04-01,230.8843231201172
2025-04-02,232.79690551757812
2025-04-03,215.39837646484375
2025-04-04,205.8257293701172
2025-04-07,203.0154266357422
2025-04-08,201.34681701660156
2025-04-09,216.6473846435547
2025-04-10,210.2461395263672
2025-04-11,213.02716064453125
2025-04-14,216.04238891601562
2025-04-15,212.45143127441406
2025-04-16,208.85073852539062
2025-04-17,214.5201416015625
2025-04-21,213.64193725585938
2025-04-22,214.67626953125
2025-04-23,216.57907104492188
2025-04-24,221.1946258544922
2025-04-25,216.34490966796875
2025-04-28,216.36439514160156
2025-04-29,217.9549560546875
2025-04-30,218.62826538085938
2025-05-01,216.40345764160156
2025-05-02,220.27162170410156
2025-05-05,218.2295379638672
2025-05-06,214.64605712890625
2025-05-07,215.97145080566406
2025-05-08,219.98692321777344
2025-05-09,219.4272918701172
2025-05-12,234.7528533935547
2025-05-13,235.88189697265625
2025-05-14,236.78514099121094
2025-05-15,239.4653778076172
2025-05-16,241.615478515625
2025-05-19,239.32794189453125
2025-05-20,239.6322784423828
2025-05-21,235.0572052001953
2025-05-22,235.273193359375
2025-05-23,235.64627075195312
2025-05-27,240.32933044433594
2025-05-28,238.12034606933594
2025-05-29,241.81182861328125
2025-05-30,242.6168975830078
2025-06-02,240.79078674316406
2025-06-03,243.46121215820312
2025-06-04,242.8917694091797
2025-06-05,242.4205322265625
2025-06-06,246.20037841796875
2025-06-09,246.00404357910156
2025-06-10,248.3112030029297
2025-06-11,246.7501678466797
2025-06-12,246.8876190185547
2025-06-13,244.06993103027344
2025-06-16,247.53561401367188
2025-06-17,245.85675048828125
2025-06-18,248.32101440429688
2025-06-20,248.56643676757812
2025-06-23,251.9044952392578
2025-06-24,252.7684783935547
2025-06-25,250.55947875976562
2025-06-26,250.85400390625
2025-06-27,251.14854431152344
2025-06-30,251.3056182861328
2025-07-01,257.5988464355469
2025-07-02,257.2257385253906
2025-07-03,257.71661376953125
2025-07-07,255.25234985351562
2025-07-08,256.4403381347656
2025-07-09,255.30148315429688
2025-07-10,258.344970703125
2025-07-11,261.7124938964844
2025-07-14,258.0995178222656
2025-07-15,254.761474609375
2025-07-16,255.5763397216797
2025-07-17,264.8934326171875
2025-07-18,271.6186218261719
2025-07-21,272.3254699707031
2025-07-22,275.15301513671875
2025-07-23,275.1628112792969
2025-07-24,272.9342041015625
2025-07-25,277.234375
2025-07-28,281.2007751464844
2025-07-29,272.6396789550781
2025-07-30,273.91595458984375
2025-07-31,272.9342041015625
2025-08-01,271.1583557128906
2025-08-04,274.3844299316406
2025-08-05,276.1109313964844
2025-08-06,279.14959716796875
2025-08-07,276.702880859375
2025-08-08,276.268798828125
2025-08-11,274.5817565917969
2025-08-12,274.5028076171875
2025-08-13,278.0544738769531
2025-08-14,278.7055969238281
2025-08-15,276.96923828125
2025-08-18,276.0320129394531
2025-08-19,281.6949157714844
2025-08-20,281.6554260253906
2025-08-21,280.53076171875
2025-08-22,280.77740478515625
2025-08-25,273.6642761230469
2025-08-26,272.95391845703125
2025-08-27,268.69195556640625
2025-08-28,274.0687255859375
2025-08-29,276.219482421875
2025-09-02,274.5126953125
2025-09-03,274.4534912109375
2025-09-04,276.0024108886719
2025-09-05,274.0194091796875
2025-09-08,271.888427734375
2025-09-09,269.77716064453125
2025-09-10,268.7018127441406
2025-09-11,270.31976318359375
2025-09-12,271.0301208496094
2025-09-15,273.4373474121094
2025-09-16,274.3548583984375
2025-09-17,274.2660827636719
2025-09-18,278.8831787109375
2025-09-19,279.89935302734375
2025-09-22,286.6474609375
2025-09-23,288.1569519042969
2025-09-24,289.3802795410156
2025-09-25,290.613525390625
2025-09-26,293.4942626953125
2025-09-29,295.5956726074219
2025-09-30,296.37506103515625
2025-10-01,294.66827392578125
2025-10-02,294.2933654785156
2025-10-03,296.1185302734375
2025-10-06,295.6252746582031
2025-10-07,291.88616943359375
2025-10-08,292.6359558105469
2025-10-09,290.92919921875
2025-10-10,284.49676513671875
2025-10-13,285.6806335449219
2025-10-14,286.41070556640625
2025-10-15,285.80889892578125
2025-10-16,284.6151428222656
2025-10-17,285.8878479003906
2025-10-20,287.2394104003906
2025-10-21,285.8878479003906
2025-10-22,284.7532653808594
2025-10-23,280.01776123046875
2025-10-24,276.73248291015625
2025-10-27,277.8572082519531
2025-10-28,276.6338195800781
2025-10-29,275.7755126953125
2025-10-30,277.8374328613281
2025-10-31,279.57379150390625
2025-11-03,278.38006591796875
2025-11-04,279.9881286621094
2025-11-05,276.99884033203125
2025-11-06,278.3110046386719
2025-11-07,281.78057861328125
2025-11-10,284.4273681640625
2025-11-11,285.0717468261719
2025-11-12,284.0010986328125
2025-11-13,281.06683349609375
2025-11-14,281.5129089355469
2025-11-17,278.9652404785156
2025-11-18,278.3010559082031
2025-11-19,279.3221130371094
2025-11-20,277.78558349609375
2025-11-21,283.8028564453125
2025-11-24,280.65045166015625
2025-11-25,286.54876708984375
2025-11-26,287.5103454589844
2025-11-28,289.5524597167969
2025-12-01,287.3121032714844
2025-12-02,289.2154235839844
2025-12-03,291.49542236328125
2025-12-04,292.5660705566406
2025-12-05,291.63421630859375
2025-12-08,290.4545593261719
2025-12-09,287.01470947265625
2025-12-10,291.70361328125
2025-12-11,291.50537109375
2025-12-12,294.3999938964844
2025-12-15,296.8881530761719
2025-12-16,291.44586181640625
2025-12-17,291.87213134765625
2025-12-18,289.2947082519531
2025-12-19,288.8783874511719
2025-12-22,289.0667419433594
2025-12-23,289.34429931640625
2025-12-24,290.16705322265625
2025-12-26,288.4322814941406
2025-12-29,289.5127868652344
2025-12-30,287.58966064453125
