Date,PHM
2000-01-03,4.273530006408691
2000-01-04,4.071231842041016
2000-01-05,3.9953722953796387
2000-01-06,3.9700868129730225
2000-01-07,4.033301830291748
2000-01-10,3.957439422607422
2000-01-11,3.7930731773376465
2000-01-12,3.6666393280029297
2000-01-13,3.8436520099639893
2000-01-14,3.8183624744415283
2000-01-18,3.7804317474365234
2000-01-19,3.6287078857421875
2000-01-20,3.6666393280029297
2000-01-21,3.7172129154205322
2000-01-24,3.6160640716552734
2000-01-25,3.439054012298584
2000-01-26,3.527559757232666
2000-01-27,3.6287078857421875
2000-01-28,3.590775966644287
2000-01-31,3.527559757232666
2000-02-01,3.476984739303589
2000-02-02,3.439054012298584
2000-02-03,3.489626884460449
2000-02-04,3.489626884460449
2000-02-07,3.3505492210388184
2000-02-08,3.603424072265625
2000-02-09,3.5781335830688477
2000-02-10,3.527559757232666
2000-02-11,3.5654892921447754
2000-02-14,3.552846670150757
2000-02-15,3.742499351501465
2000-02-16,3.5781335830688477
2000-02-17,3.5781335830688477
2000-02-18,3.590775966644287
2000-02-22,3.502272129058838
2000-02-23,3.4516987800598145
2000-02-24,3.401122570037842
2000-02-25,3.2746875286102295
2000-02-28,3.312617301940918
2000-02-29,3.401122570037842
2000-03-01,3.4516987800598145
2000-03-02,3.3631932735443115
2000-03-03,3.3379061222076416
2000-03-06,3.2746875286102295
2000-03-07,3.2241134643554688
2000-03-08,3.1735386848449707
2000-03-09,3.2746875286102295
2000-03-10,3.2114694118499756
2000-03-13,3.2746875286102295
2000-03-14,3.186182975769043
2000-03-15,3.4731624126434326
2000-03-16,3.9041402339935303
2000-03-17,3.8154070377349854
2000-03-20,3.916813373565674
2000-03-21,3.9041402339935303
2000-03-22,3.853437900543213
2000-03-23,3.9548416137695312
2000-03-24,3.942166805267334
2000-03-27,3.916813373565674
2000-03-28,3.84075927734375
2000-03-29,4.018219470977783
2000-03-30,4.1449785232543945
2000-03-31,4.233709812164307
2000-04-03,4.233709812164307
2000-04-04,4.1449785232543945
2000-04-05,4.347789764404297
2000-04-06,4.347789764404297
2000-04-07,4.360466003417969
2000-04-10,4.3097639083862305
2000-04-11,4.360466003417969
2000-04-12,4.588629722595215
2000-04-13,4.626659393310547
2000-04-14,4.335113525390625
2000-04-17,4.411170482635498
2000-04-18,4.373142242431641
2000-04-19,4.398494243621826
2000-04-20,4.47454833984375
2000-04-24,4.423844814300537
2000-04-25,4.4618730545043945
2000-04-26,4.525252819061279
2000-04-27,4.423844814300537
2000-04-28,4.360466003417969
2000-05-01,4.398494243621826
2000-05-02,4.449194431304932
2000-05-03,4.385818958282471
2000-05-04,4.436522483825684
2000-05-05,4.4618730545043945
2000-05-08,4.335113525390625
2000-05-09,4.4618730545043945
2000-05-10,4.347789764404297
2000-05-11,4.575953960418701
2000-05-12,4.601304054260254
2000-05-15,4.525252819061279
2000-05-16,4.652010917663574
2000-05-17,4.436522483825684
2000-05-18,4.385818958282471
2000-05-19,4.335113525390625
2000-05-22,4.347789764404297
2000-05-23,4.360466003417969
2000-05-24,4.398494243621826
2000-05-25,4.373142242431641
2000-05-26,4.4618730545043945
2000-05-30,4.423844814300537
2000-05-31,4.499901294708252
2000-06-01,4.411170482635498
2000-06-02,4.7407402992248535
2000-06-05,4.5632781982421875
2000-06-06,4.664685249328613
2000-06-07,4.499901294708252
2000-06-08,4.55060338973999
2000-06-09,4.601304054260254
2000-06-12,4.5632781982421875
2000-06-13,4.575953960418701
2000-06-14,4.558685779571533
2000-06-15,4.571382522583008
2000-06-16,4.584081172943115
2000-06-19,4.495194911956787
2000-06-20,4.419004917144775
2000-06-21,4.368210792541504
2000-06-22,4.342813014984131
2000-06-23,4.3047194480896
2000-06-26,4.3047194480896
2000-06-27,4.40630578994751
2000-06-28,4.3586859703063965
2000-06-29,4.419004917144775
2000-06-30,4.390433311462402
2000-07-03,4.44440221786499
2000-07-05,4.545986652374268
2000-07-06,4.545986652374268
2000-07-07,4.533289909362793
2000-07-10,4.457096576690674
2000-07-11,4.482495307922363
2000-07-12,4.482495307922363
2000-07-13,4.419004917144775
2000-07-14,4.419004917144775
2000-07-17,4.43170166015625
2000-07-18,4.368210792541504
2000-07-19,4.380908966064453
2000-07-20,4.482495307922363
2000-07-21,4.342813014984131
2000-07-24,4.253926753997803
2000-07-25,4.44440221786499
2000-07-26,4.482495307922363
2000-07-27,4.571382522583008
2000-07-28,4.44440221786499
2000-07-31,4.660272598266602
2000-08-01,4.736458778381348
2000-08-02,4.736458778381348
2000-08-03,5.0031232833862305
2000-08-04,5.104710578918457
2000-08-07,5.726927757263184
2000-08-08,5.9300994873046875
2000-08-09,5.879305839538574
2000-08-10,5.650737285614014
2000-08-11,5.89200496673584
2000-08-14,6.222164154052734
2000-08-15,6.006290435791016
2000-08-16,5.8666090965271
2000-08-17,5.879305839538574
2000-08-18,5.841212272644043
2000-08-21,6.018989086151123
2000-08-22,6.044384479522705
2000-08-23,5.917401313781738
2000-08-24,5.879305839538574
2000-08-25,5.82851505279541
2000-08-28,5.815814971923828
2000-08-29,6.107874870300293
2000-08-30,6.374538898468018
2000-08-31,6.695172309875488
2000-09-01,6.691998481750488
2000-09-05,6.869774341583252
2000-09-06,6.806279182434082
2000-09-07,6.907868385314941
2000-09-08,6.7300920486450195
2000-09-11,6.869774341583252
2000-09-12,6.9586615562438965
2000-09-13,6.9459614753723145
2000-09-14,6.9332661628723145
2000-09-15,6.704696178436279
2000-09-18,6.349142551422119
2000-09-19,6.514219760894775
2000-09-20,6.789355278015137
2000-09-21,6.649500370025635
2000-09-22,6.713069915771484
2000-09-25,6.5859293937683105
2000-09-26,6.674929141998291
2000-09-27,6.814781188964844
2000-09-28,6.789355278015137
2000-09-29,6.713069915771484
2000-10-02,6.713069915771484
2000-10-03,6.827497959136963
2000-10-04,6.891069412231445
2000-10-05,6.878354549407959
2000-10-06,6.954637050628662
2000-10-09,7.056354522705078
2000-10-10,6.789355278015137
2000-10-11,6.49692964553833
2000-10-12,6.204504013061523
2000-10-13,6.115508079528809
2000-10-16,6.331647872924805
2000-10-17,6.204504013061523
2000-10-18,5.937506675720215
2000-10-19,6.051933765411377
2000-10-20,5.912079334259033
2000-10-23,5.708651542663574
2000-10-24,6.013792514801025
2000-10-25,5.9883646965026855
2000-10-26,6.0265069007873535
2000-10-27,6.128219127655029
2000-10-30,6.471502780914307
2000-10-31,6.776641845703125
2000-11-01,6.776641845703125
2000-11-02,7.018209457397461
2000-11-03,7.094496726989746
2000-11-06,7.018209457397461
2000-11-07,6.929210186004639
2000-11-08,7.348778247833252
2000-11-09,7.463204383850098
2000-11-10,7.450493335723877
2000-11-13,7.552205562591553
2000-11-14,7.603061199188232
2000-11-15,7.742917537689209
2000-11-16,7.704774379730225
2000-11-17,7.844632148742676
2000-11-20,7.666630268096924
2000-11-21,7.8827738761901855
2000-11-22,7.908203125
2000-11-24,8.149772644042969
2000-11-27,8.4421968460083
2000-11-28,8.353196144104004
2000-11-29,8.048057556152344
2000-11-30,7.857344150543213
2000-12-01,8.073479652404785
2000-12-04,7.666630268096924
2000-12-05,8.899904251098633
2000-12-06,8.391339302062988
2000-12-07,8.531190872192383
2000-12-08,8.836338996887207
2000-12-11,8.899904251098633
2000-12-12,8.861763000488281
2000-12-13,8.658332824707031
2000-12-14,8.454909324645996
2000-12-15,8.556619644165039
2000-12-18,8.696474075317383
2000-12-19,8.42948055267334
2000-12-20,7.954021453857422
2000-12-21,8.068561553955078
2000-12-22,8.36126708984375
2000-12-26,8.806697845458984
2000-12-27,8.386720657348633
2000-12-28,8.666699409484863
2000-12-29,8.59034538269043
2001-01-02,8.208549499511719
2001-01-03,8.64124870300293
2001-01-04,8.679427146911621
2001-01-05,8.272181510925293
2001-01-08,7.750400543212891
2001-01-09,8.081284523010254
2001-01-10,8.183097839355469
2001-01-11,8.119460105895996
2001-01-12,8.068561553955078
2001-01-16,8.004926681518555
2001-01-17,8.081284523010254
2001-01-18,7.648588180541992
2001-01-19,7.126804351806641
2001-01-22,6.8722734451293945
2001-01-23,7.228613376617432
2001-01-24,7.394056797027588
2001-01-25,7.381331920623779
2001-01-26,7.139529228210449
2001-01-29,7.13901948928833
2001-01-30,7.022954940795898
2001-01-31,7.024989604949951
2001-02-01,7.224542140960693
2001-02-02,7.057572841644287
2001-02-05,7.31413459777832
2001-02-06,7.625681400299072
2001-02-07,7.501469612121582
2001-02-08,7.228613376617432
2001-02-09,7.1084771156311035
2001-02-12,7.287662982940674
2001-02-13,7.483141899108887
2001-02-14,7.391512870788574
2001-02-15,7.395585536956787
2001-02-16,7.350788116455078
2001-02-20,6.974085330963135
2001-02-21,6.858020782470703
2001-02-22,6.676797389984131
2001-02-23,6.686978340148926
2001-02-26,7.0046281814575195
2001-02-27,6.915031909942627
2001-02-28,6.99444580078125
2001-03-01,6.746026515960693
2001-03-02,7.153273582458496
2001-03-05,7.057572841644287
2001-03-06,7.417984962463379
2001-03-07,7.36707878112793
2001-03-08,7.5808820724487305
2001-03-09,7.259158134460449
2001-03-12,6.9903740882873535
2001-03-13,6.92929220199585
2001-03-14,6.682904243469238
2001-03-15,6.94354248046875
2001-03-16,6.649979591369629
2001-03-19,6.976161956787109
2001-03-20,7.320685386657715
2001-03-21,7.667253494262695
2001-03-22,7.5551276206970215
2001-03-23,7.716180324554443
2001-03-26,7.940426826477051
2001-03-27,7.9261555671691895
2001-03-28,7.936352252960205
2001-03-29,8.43173885345459
2001-03-30,8.238066673278809
2001-04-02,8.14632797241211
2001-04-03,7.864997386932373
2001-04-04,8.003623962402344
2001-04-05,8.117790222167969
2001-04-06,7.65705680847168
2001-04-09,7.950619220733643
2001-04-10,8.311450958251953
2001-04-11,7.981197834014893
2001-04-12,8.156524658203125
2001-04-16,8.099438667297363
2001-04-17,8.070903778076172
2001-04-18,8.662099838256836
2001-04-19,8.690637588500977
2001-04-20,8.737526893615723
2001-04-23,8.645792007446289
2001-04-24,9.08817195892334
2001-04-25,9.583555221557617
2001-04-26,10.09117317199707
2001-04-27,10.105440139770508
2001-04-30,9.536669731140137
2001-05-01,8.66413402557373
2001-05-02,8.747720718383789
2001-05-03,8.684526443481445
2001-05-04,8.898579597473145
2001-05-07,9.173796653747559
2001-05-08,9.247188568115234
2001-05-09,9.159525871276855
2001-05-10,9.473472595214844
2001-05-11,9.094286918640137
2001-05-14,8.967891693115234
2001-05-15,9.204364776611328
2001-05-16,9.135058403015137
2001-05-17,9.289994239807129
2001-05-18,9.118748664855957
2001-05-21,8.668214797973633
2001-05-22,8.715106010437012
2001-05-23,8.62948226928711
2001-05-24,8.59482479095459
2001-05-25,8.172828674316406
2001-05-29,8.007699012756348
2001-05-30,8.164677619934082
2001-05-31,8.236026763916016
2001-06-01,8.386885643005371
2001-06-04,8.509202003479004
2001-06-05,8.609092712402344
2001-06-06,8.407270431518555
2001-06-07,8.501051902770996
2001-06-08,8.596860885620117
2001-06-11,8.329803466796875
2001-06-12,8.178946495056152
2001-06-13,8.297307968139648
2001-06-14,8.050390243530273
2001-06-15,7.970803737640381
2001-06-18,8.095279693603516
2001-06-19,8.109561920166016
2001-06-20,8.631969451904297
2001-06-21,8.666661262512207
2001-06-22,8.276898384094238
2001-06-25,8.489124298095703
2001-06-26,8.970726013183594
2001-06-27,9.003369331359863
2001-06-28,8.919705390930176
2001-06-29,8.699312210083008
2001-07-02,8.854403495788574
2001-07-03,8.90949821472168
2001-07-05,8.8707275390625
2001-07-06,8.668704986572266
2001-07-09,8.529937744140625
2001-07-10,8.682988166809082
2001-07-11,8.623808860778809
2001-07-12,8.966636657714844
2001-07-13,8.991129875183105
2001-07-16,8.789097785949707
2001-07-17,8.689115524291992
2001-07-18,9.184993743896484
2001-07-19,9.797184944152832
2001-07-20,9.246207237243652
2001-07-23,8.95235538482666
2001-07-24,8.513617515563965
2001-07-25,8.331995010375977
2001-07-26,8.568710327148438
2001-07-27,8.360562324523926
2001-07-30,8.485045433044434
2001-07-31,8.470760345458984
2001-08-01,8.256492614746094
2001-08-02,8.23608112335205
2001-08-03,7.956514358520508
2001-08-06,7.597359657287598
2001-08-07,7.385132312774658
2001-08-08,7.28513765335083
2001-08-09,7.305546283721924
2001-08-10,7.32390832901001
2001-08-13,6.964755535125732
2001-08-14,7.172905445098877
2001-08-15,7.164740085601807
2001-08-16,7.376966953277588
2001-08-17,7.350439548492432
2001-08-20,7.36064338684082
2001-08-21,7.301464557647705
2001-08-22,7.350439548492432
2001-08-23,7.550424098968506
2001-08-24,7.772854328155518
2001-08-27,7.619810104370117
2001-08-28,7.395334243774414
2001-08-29,7.532060623168945
2001-08-30,7.619810104370117
2001-08-31,7.723881244659424
2001-09-04,7.842240333557129
2001-09-05,7.530017852783203
2001-09-06,7.274935722351074
2001-09-07,6.772932052612305
2001-09-10,6.5321364402771
2001-09-17,6.070948600769043
2001-09-18,6.072988033294678
2001-09-19,5.8236918449401855
2001-09-20,5.541706562042236
2001-09-21,5.517183303833008
2001-09-24,5.987165451049805
2001-09-25,6.164942264556885
2001-09-26,6.222160339355469
2001-09-27,6.117944240570068
2001-09-28,6.263026714324951
2001-10-01,6.1874213218688965
2001-10-02,6.352935791015625
2001-10-03,6.93734884262085
2001-10-04,6.8290510177612305
2001-10-05,6.824963092803955
2001-10-08,6.6451416015625
2001-10-09,6.708488464355469
2001-10-10,7.1478190422058105
2001-10-11,7.764930248260498
2001-10-12,7.36033296585083
2001-10-15,7.153950214385986
2001-10-16,7.090601921081543
2001-10-17,6.798398494720459
2001-10-18,6.68601131439209
2001-10-19,6.8147454261779785
2001-10-22,6.780008316040039
2001-10-23,6.743225574493408
2001-10-24,6.733008861541748
2001-10-25,6.673748970031738
2001-10-26,6.9128289222717285
2001-10-29,6.587926864624023
2001-10-30,6.318199634552002
2001-10-31,6.641057014465332
2001-11-01,7.111039638519287
2001-11-02,7.090601921081543
2001-11-05,7.292898654937744
2001-11-06,7.182557582855225
2001-11-07,7.40733003616333
2001-11-08,7.29902982711792
2001-11-09,7.180513858795166
2001-11-12,7.536067485809326
2001-11-13,7.887531280517578
2001-11-14,7.834401607513428
2001-11-15,7.327637672424316
2001-11-16,7.542200088500977
2001-11-19,7.4890666007995605
2001-11-20,7.2745137214660645
2001-11-21,7.388943672180176
2001-11-23,7.536067485809326
2001-11-26,7.52584981918335
2001-11-27,7.403246879577637
2001-11-28,7.376679420471191
2001-11-29,7.638236045837402
2001-11-30,8.020353317260742
2001-12-03,8.004002571105957
2001-12-04,8.330947875976562
2001-12-05,8.76619815826416
2001-12-06,8.682412147521973
2001-12-07,8.684456825256348
2001-12-10,8.47807502746582
2001-12-11,8.52507209777832
2001-12-12,8.886752128601074
2001-12-13,8.956233024597168
2001-12-14,8.719194412231445
2001-12-17,8.854061126708984
2001-12-18,9.027750968933105
2001-12-19,9.172962188720703
2001-12-20,8.978663444519043
2001-12-21,8.839588165283203
2001-12-24,9.140240669250488
2001-12-26,9.363171577453613
2001-12-27,9.299769401550293
2001-12-28,9.395899772644043
2001-12-31,9.136147499084473
2002-01-02,9.048203468322754
2002-01-03,9.044110298156738
2002-01-04,9.046157836914062
2002-01-07,9.025701522827148
2002-01-08,8.782320022583008
2002-01-09,8.8927640914917
2002-01-10,8.776185989379883
2002-01-11,8.58597183227539
2002-01-14,8.673917770385742
2002-01-15,8.7843656539917
2002-01-16,8.637106895446777
2002-01-17,8.831405639648438
2002-01-18,8.745502471923828
2002-01-22,8.837535858154297
2002-01-23,8.886630058288574
2002-01-24,9.367259979248047
2002-01-25,9.457253456115723
2002-01-28,9.667911529541016
2002-01-29,9.537018775939941
2002-01-30,9.780401229858398
2002-01-31,9.643370628356934
2002-02-01,9.565650939941406
2002-02-04,9.747676849365234
2002-02-05,9.761994361877441
2002-02-06,9.57996654510498
2002-02-07,9.424531936645508
2002-02-08,9.352945327758789
2002-02-11,9.600419044494629
2002-02-12,9.761994361877441
2002-02-13,9.868348121643066
2002-02-14,9.974702835083008
2002-02-15,9.944021224975586
2002-02-19,9.931746482849121
2002-02-20,9.69654369354248
2002-02-21,9.70268440246582
2002-02-22,9.573833465576172
2002-02-25,10.001291275024414
2002-02-26,10.438976287841797
2002-02-27,10.512603759765625
2002-02-28,10.623044967651367
2002-03-01,10.880751609802246
2002-03-04,11.134360313415527
2002-03-05,10.717131614685059
2002-03-06,11.091405868530273
2002-03-07,10.848023414611816
2002-03-08,10.682357788085938
2002-03-11,10.872563362121582
2002-03-12,11.058679580688477
2002-03-13,10.950289726257324
2002-03-14,10.641221046447754
2002-03-15,10.502043724060059
2002-03-18,10.256431579589844
2002-03-19,10.371045112609863
2002-03-20,9.695610046386719
2002-03-21,9.601455688476562
2002-03-22,10.133623123168945
2002-03-25,9.675138473510742
2002-03-26,10.195025444030762
2002-03-27,9.900285720825195
2002-03-28,9.793851852416992
2002-04-01,9.562564849853516
2002-04-02,9.41519832611084
2002-04-03,9.6690034866333
2002-04-04,9.503211975097656
2002-04-05,9.538010597229004
2002-04-08,9.978062629699707
2002-04-09,10.12747859954834
2002-04-10,9.994439125061035
2002-04-11,9.857301712036133
2002-04-12,10.141809463500977
2002-04-15,10.199114799499512
2002-04-16,10.125436782836914
2002-04-17,10.115195274353027
2002-04-18,10.072216987609863
2002-04-19,10.260519981384277
2002-04-22,10.655550003051758
2002-04-23,11.124262809753418
2002-04-24,11.103796005249023
2002-04-25,10.96052074432373
2002-04-26,10.714900016784668
2002-04-29,10.868416786193848
2002-04-30,10.888884544372559
2002-05-01,11.193854331970215
2002-05-02,11.306427001953125
2002-05-03,11.314614295959473
2002-05-06,10.89298152923584
2002-05-07,11.030108451843262
2002-05-08,10.925728797912598
2002-05-09,10.82952880859375
2002-05-10,10.493853569030762
2002-05-13,10.528650283813477
2002-05-14,11.181572914123535
2002-05-15,10.774261474609375
2002-05-16,10.598240852355957
2002-05-17,10.807012557983398
2002-05-20,10.800870895385742
2002-05-21,10.561400413513184
2002-05-22,10.628944396972656
2002-05-23,10.919588088989258
2002-05-24,11.355548858642578
2002-05-28,11.206134796142578
2002-05-29,11.157011985778809
2002-05-30,10.915493965148926
2002-05-31,11.099698066711426
2002-06-03,10.809056282043457
2002-06-04,10.551161766052246
2002-06-05,10.79063606262207
2002-06-06,10.964613914489746
2002-06-07,11.109930992126465
2002-06-10,10.935962677001953
2002-06-11,10.858185768127441
2002-06-12,10.897102355957031
2002-06-13,10.368631362915039
2002-06-14,10.51611042022705
2002-06-17,10.766007423400879
2002-06-18,11.120368003845215
2002-06-19,11.511600494384766
2002-06-20,12.003194808959961
2002-06-21,12.00933837890625
2002-06-24,12.070788383483887
2002-06-25,11.595577239990234
2002-06-26,11.796314239501953
2002-06-27,11.931503295898438
2002-06-28,11.773784637451172
2002-07-01,11.868006706237793
2002-07-02,11.259655952453613
2002-07-03,10.882763862609863
2002-07-05,11.27808952331543
2002-07-08,11.163382530212402
2002-07-09,10.968789100646973
2002-07-10,10.63696575164795
2002-07-11,10.292842864990234
2002-07-12,10.038851737976074
2002-07-15,9.987645149230957
2002-07-16,9.539060592651367
2002-07-17,9.498091697692871
2002-07-18,9.307600021362305
2002-07-19,8.768888473510742
2002-07-22,8.361268043518066
2002-07-23,8.969625473022461
2002-07-24,9.47761058807373
2002-07-25,9.457128524780273
2002-07-26,9.47761058807373
2002-07-29,10.270312309265137
2002-07-30,10.11873722076416
2002-07-31,9.815585136413574
2002-08-01,9.717264175415039
2002-08-02,8.893835067749023
2002-08-05,8.912266731262207
2002-08-06,9.352662086486816
2002-08-07,9.256393432617188
2002-08-08,9.653769493103027
2002-08-09,9.416159629821777
2002-08-12,9.20927906036377
2002-08-13,9.084327697753906
2002-08-14,9.358805656433105
2002-08-15,9.995835304260254
2002-08-16,10.126927375793457
2002-08-19,10.43417739868164
2002-08-20,10.255970001220703
2002-08-21,10.061385154724121
2002-08-22,10.540689468383789
2002-08-23,10.376825332641602
2002-08-26,10.544788360595703
2002-08-27,10.237540245056152
2002-08-28,10.012221336364746
2002-08-29,9.780763626098633
2002-08-30,9.77871322631836
2002-09-03,9.250245094299316
2002-09-04,9.647621154785156
2002-09-05,9.63532543182373
2002-09-06,9.678348541259766
2002-09-09,9.932341575622559
2002-09-10,9.903660774230957
2002-09-11,9.926192283630371
2002-09-12,9.61894416809082
2002-09-13,9.68858814239502
2002-09-16,9.87498950958252
2002-09-17,9.75003719329834
2002-09-18,9.610751152038574
2002-09-19,8.90757942199707
2002-09-20,9.106430053710938
2002-09-23,8.85222339630127
2002-09-24,8.53856086730957
2002-09-25,8.770216941833496
2002-09-26,9.081833839416504
2002-09-27,8.909624099731445
2002-09-30,8.739472389221191
2002-10-01,8.90757942199707
2002-10-02,8.78866958618164
2002-10-03,8.425806999206543
2002-10-04,8.023993492126465
2002-10-07,7.607824802398682
2002-10-08,7.917387008666992
2002-10-09,7.501223087310791
2002-10-10,7.8989386558532715
2002-10-11,8.32330322265625
2002-10-14,8.274101257324219
2002-10-15,8.817371368408203
2002-10-16,8.600067138671875
2002-10-17,9.43034553527832
2002-10-18,9.313486099243164
2002-10-21,9.899812698364258
2002-10-22,9.584100723266602
2002-10-23,9.813706398010254
2002-10-24,9.46519660949707
2002-10-25,9.510296821594238
2002-10-28,9.133085250854492
2002-10-29,9.297088623046875
2002-10-30,9.206887245178223
2002-10-31,9.41394329071045
2002-11-01,9.56974983215332
2002-11-04,9.647652626037598
2002-11-05,9.53489875793457
2002-11-06,9.776803970336914
2002-11-07,9.094132423400879
2002-11-08,8.919873237609863
2002-11-11,8.919873237609863
2002-11-12,8.882972717285156
2002-11-13,8.796870231628418
2002-11-14,9.180232048034668
2002-11-15,9.278634071350098
2002-11-18,9.102328300476074
2002-11-19,8.90757942199707
2002-11-20,9.184329986572266
2002-11-21,9.424192428588867
2002-11-22,9.377043724060059
2002-11-25,9.547198295593262
2002-11-26,9.354493141174316
2002-11-27,9.776803970336914
2002-11-29,9.623052597045898
2002-12-02,9.50825023651123
2002-12-03,9.02853012084961
2002-12-04,9.225337028503418
2002-12-05,9.118732452392578
2002-12-06,9.178186416625977
2002-12-09,9.069534301757812
2002-12-10,9.118732452392578
2002-12-11,9.221236228942871
2002-12-12,9.50209903717041
2002-12-13,9.288888931274414
2002-12-16,9.735807418823242
2002-12-17,9.733752250671387
2002-12-18,9.860858917236328
2002-12-19,10.144003868103027
2002-12-20,10.19529914855957
2002-12-23,10.086551666259766
2002-12-24,10.010639190673828
2002-12-26,10.055780410766602
2002-12-27,9.869062423706055
2002-12-30,9.805459976196289
2002-12-31,9.82187557220459
2003-01-02,10.416893005371094
2003-01-03,10.283527374267578
2003-01-06,10.133746147155762
2003-01-07,10.260953903198242
2003-01-08,10.470237731933594
2003-01-09,10.652847290039062
2003-01-10,10.659004211425781
2003-01-13,10.59744644165039
2003-01-14,10.57898235321045
2003-01-15,10.539995193481445
2003-01-16,10.790315628051758
2003-01-17,10.718507766723633
2003-01-21,10.59744644165039
2003-01-22,10.437406539916992
2003-01-23,10.66926383972168
2003-01-24,10.539995193481445
2003-01-27,10.209661483764648
2003-01-28,10.386116027832031
2003-01-29,10.593342781066895
2003-01-30,10.160417556762695
2003-01-31,10.254801750183105
2003-02-03,10.367646217346191
2003-02-04,10.2691650390625
2003-02-05,10.355337142944336
2003-02-06,10.051675796508789
2003-02-07,9.922415733337402
2003-02-10,10.301992416381836
2003-02-11,10.285577774047852
2003-02-12,10.15426254272461
2003-02-13,10.000378608703613
2003-02-14,10.275320053100586
2003-02-18,10.862127304077148
2003-02-19,10.741071701049805
2003-02-20,10.593342781066895
2003-02-21,10.755438804626465
2003-02-24,10.550259590148926
2003-02-25,10.823143005371094
2003-02-26,10.609764099121094
2003-02-27,10.488703727722168
2003-02-28,10.429204940795898
2003-03-03,10.402525901794434
2003-03-04,9.602337837219238
2003-03-05,9.434088706970215
2003-03-06,9.503849029541016
2003-03-07,9.637213706970215
2003-03-10,9.39100170135498
2003-03-11,9.335604667663574
2003-03-12,9.528473854064941
2003-03-13,9.848553657531738
2003-03-14,10.018991470336914
2003-03-17,10.275675773620605
2003-03-18,10.195589065551758
2003-03-19,10.306478500366211
2003-03-20,10.522095680236816
2003-03-21,10.846549034118652
2003-03-24,10.503609657287598
2003-03-25,10.622714042663574
2003-03-26,10.534414291381836
2003-03-27,10.446117401123047
2003-03-28,10.42147159576416
2003-03-31,10.298267364501953
2003-04-01,10.446117401123047
2003-04-02,10.867077827453613
2003-04-03,10.873242378234863
2003-04-04,10.72949504852295
2003-04-07,10.821903228759766
2003-04-08,10.904043197631836
2003-04-09,10.963594436645508
2003-04-10,11.080648422241211
2003-04-11,11.09296703338623
2003-04-14,11.31063461303711
2003-04-15,11.42768383026123
2003-04-16,11.378396987915039
2003-04-17,11.507774353027344
2003-04-21,11.452329635620117
2003-04-22,11.700801849365234
2003-04-23,11.86919116973877
2003-04-24,11.899988174438477
2003-04-25,11.54678726196289
2003-04-28,11.908204078674316
2003-04-29,11.96159553527832
2003-04-30,11.908204078674316
2003-05-01,11.754192352294922
2003-05-02,11.93695068359375
2003-05-05,11.821956634521484
2003-05-06,11.858919143676758
2003-05-07,12.086857795715332
2003-05-08,11.99239444732666
2003-05-09,12.16899585723877
2003-05-12,12.472918510437012
2003-05-13,12.53657054901123
2003-05-14,12.423629760742188
2003-05-15,12.516029357910156
2003-05-16,12.382555961608887
2003-05-19,12.125873565673828
2003-05-20,12.197748184204102
2003-05-21,12.362025260925293
2003-05-22,12.937005043029785
2003-05-23,13.082801818847656
2003-05-27,13.245024681091309
2003-05-28,13.495552062988281
2003-05-29,13.396981239318848
2003-05-30,13.468849182128906
2003-06-02,13.47091007232666
2003-06-03,13.438051223754883
2003-06-04,13.813838005065918
2003-06-05,14.101332664489746
2003-06-06,13.583853721618652
2003-06-09,13.255292892456055
2003-06-10,13.631081581115723
2003-06-11,14.455026626586914
2003-06-12,14.189967155456543
2003-06-13,14.187914848327637
2003-06-16,14.670775413513184
2003-06-17,14.613241195678711
2003-06-18,14.224902153015137
2003-06-19,14.12626838684082
2003-06-20,13.462596893310547
2003-06-23,13.33314323425293
2003-06-24,13.431774139404297
2003-06-25,13.137946128845215
2003-06-26,13.250953674316406
2003-06-27,12.977680206298828
2003-06-30,12.669475555419922
2003-07-01,13.051647186279297
2003-07-02,13.189313888549805
2003-07-03,13.037261962890625
2003-07-07,13.246848106384277
2003-07-08,13.345475196838379
2003-07-09,13.152334213256836
2003-07-10,12.792749404907227
2003-07-11,12.698234558105469
2003-07-14,12.881104469299316
2003-07-15,12.468107223510742
2003-07-16,12.498927116394043
2003-07-17,12.248247146606445
2003-07-18,12.26468563079834
2003-07-21,11.974968910217285
2003-07-22,12.348934173583984
2003-07-23,12.330437660217285
2003-07-24,12.570840835571289
2003-07-25,12.807133674621582
2003-07-28,12.805078506469727
2003-07-29,12.74754810333252
2003-07-30,12.913980484008789
2003-07-31,12.558513641357422
2003-08-01,12.414680480957031
2003-08-04,12.60577392578125
2003-08-05,12.441390037536621
2003-08-06,13.119452476501465
2003-08-07,13.043428421020508
2003-08-08,13.462596893310547
2003-08-11,13.255064010620117
2003-08-12,13.462596893310547
2003-08-13,13.010554313659668
2003-08-14,13.201645851135254
2003-08-15,13.259175300598145
2003-08-18,13.345475196838379
2003-08-19,13.918745040893555
2003-08-20,13.772859573364258
2003-08-21,13.906413078308105
2003-08-22,13.653684616088867
2003-08-25,13.705052375793457
2003-08-26,13.65573787689209
2003-08-27,13.499574661254883
2003-08-28,13.711216926574707
2003-08-29,13.676287651062012
2003-09-02,13.700939178466797
2003-09-03,14.138594627380371
2003-09-04,14.305035591125488
2003-09-05,13.916692733764648
2003-09-08,14.070794105529785
2003-09-09,13.739983558654785
2003-09-10,13.098907470703125
2003-09-11,13.322870254516602
2003-09-12,13.534505844116211
2003-09-15,13.822176933288574
2003-09-16,14.103669166564941
2003-09-17,14.146819114685059
2003-09-18,14.198186874389648
2003-09-19,14.085176467895508
2003-09-22,13.797514915466309
2003-09-23,13.828346252441406
2003-09-24,13.813952445983887
2003-09-25,13.791335105895996
2003-09-26,13.641251564025879
2003-09-29,13.853014945983887
2003-09-30,13.982542037963867
2003-10-01,14.572599411010742
2003-10-02,14.72268295288086
2003-10-03,14.683619499206543
2003-10-06,15.142093658447266
2003-10-07,15.146215438842773
2003-10-08,15.368255615234375
2003-10-09,15.286017417907715
2003-10-10,15.33741569519043
2003-10-13,15.775333404541016
2003-10-14,15.85141372680664
2003-10-15,15.481337547302246
2003-10-16,15.602629661560059
2003-10-17,15.503949165344238
2003-10-20,15.837014198303223
2003-10-21,16.048765182495117
2003-10-22,16.038490295410156
2003-10-23,17.446821212768555
2003-10-24,17.161043167114258
2003-10-27,17.529062271118164
2003-10-28,17.999881744384766
2003-10-29,18.193138122558594
2003-10-30,17.835399627685547
2003-10-31,17.786056518554688
2003-11-03,18.195188522338867
2003-11-04,18.34938621520996
2003-11-05,18.91477394104004
2003-11-06,18.855154037475586
2003-11-07,18.10266876220703
2003-11-10,17.726430892944336
2003-11-11,17.84773063659668
2003-11-12,18.302101135253906
2003-11-13,18.497413635253906
2003-11-14,18.215747833251953
2003-11-17,18.036882400512695
2003-11-18,18.209579467773438
2003-11-19,18.295928955078125
2003-11-20,18.380226135253906
2003-11-21,18.663942337036133
2003-11-24,19.595304489135742
2003-11-25,19.642576217651367
2003-11-26,19.548009872436523
2003-11-28,19.642576217651367
2003-12-01,20.14218521118164
2003-12-02,19.963314056396484
2003-12-03,19.562402725219727
2003-12-04,19.24578094482422
2003-12-05,19.299240112304688
2003-12-08,19.48427391052246
2003-12-09,18.581707000732422
2003-12-10,17.455047607421875
2003-12-11,17.948474884033203
2003-12-12,18.069787979125977
2003-12-15,17.726430892944336
2003-12-16,18.141733169555664
2003-12-17,18.610496520996094
2003-12-18,18.727819442749023
2003-12-19,18.832786560058594
2003-12-22,19.129179000854492
2003-12-23,19.462596893310547
2003-12-24,19.464658737182617
2003-12-26,19.676652908325195
2003-12-29,19.707534790039062
2003-12-30,19.37204360961914
2003-12-31,19.269132614135742
2004-01-02,18.719579696655273
2004-01-05,18.3017578125
2004-01-06,18.816308975219727
2004-01-07,18.4046688079834
2004-01-08,17.66371726989746
2004-01-09,18.486997604370117
2004-01-12,18.272947311401367
2004-01-13,17.713102340698242
2004-01-14,18.108285903930664
2004-01-15,18.112401962280273
2004-01-16,18.235891342163086
2004-01-20,18.030078887939453
2004-01-21,18.771038055419922
2004-01-22,18.7916202545166
2004-01-23,18.72574806213379
2004-01-26,18.70928955078125
2004-01-27,18.58991050720215
2004-01-28,17.993022918701172
2004-01-29,17.634897232055664
2004-01-30,17.758386611938477
2004-02-02,17.9312744140625
2004-02-03,18.211198806762695
2004-02-04,17.778968811035156
2004-02-05,17.83247184753418
2004-02-06,18.503467559814453
2004-02-09,18.49523162841797
2004-02-10,18.421140670776367
2004-02-11,19.16209602355957
2004-02-12,19.355573654174805
2004-02-13,18.935691833496094
2004-02-17,19.487293243408203
2004-02-18,19.199142456054688
2004-02-19,19.260892868041992
2004-02-20,18.88218116760254
2004-02-23,18.853368759155273
2004-02-24,19.125049591064453
2004-02-25,19.367916107177734
2004-02-26,20.66872215270996
2004-02-27,21.718420028686523
2004-03-01,22.710487365722656
2004-03-02,22.24943733215332
2004-03-03,22.105363845825195
2004-03-04,22.628154754638672
2004-03-05,23.760183334350586
2004-03-08,23.348533630371094
2004-03-09,23.192110061645508
2004-03-10,22.73518180847168
2004-03-11,22.4346866607666
2004-03-12,23.17220115661621
2004-03-15,22.87554931640625
2004-03-16,22.908506393432617
2004-03-17,22.644811630249023
2004-03-18,22.673643112182617
2004-03-19,22.566526412963867
2004-03-22,22.319305419921875
2004-03-23,22.253385543823242
2004-03-24,22.1668701171875
2004-03-25,22.496477127075195
2004-03-26,22.42643928527832
2004-03-29,22.368759155273438
2004-03-30,22.953826904296875
2004-03-31,22.908506393432617
2004-04-01,22.867300033569336
2004-04-02,21.78367805480957
2004-04-05,21.210969924926758
2004-04-06,21.58591079711914
2004-04-07,21.24393653869629
2004-04-08,20.848386764526367
2004-04-12,20.47344398498535
2004-04-13,20.032583236694336
2004-04-14,19.962535858154297
2004-04-15,19.987260818481445
2004-04-16,20.003740310668945
2004-04-19,19.756526947021484
2004-04-20,19.179691314697266
2004-04-21,19.4969482421875
2004-04-22,20.370445251464844
2004-04-23,19.90485954284668
2004-04-26,20.201513290405273
2004-04-27,21.470548629760742
2004-04-28,20.564083099365234
2004-04-29,20.230344772338867
2004-04-30,20.259197235107422
2004-05-03,20.42813491821289
2004-05-04,20.213884353637695
2004-05-05,20.312763214111328
2004-05-06,19.933696746826172
2004-05-07,19.299177169799805
2004-05-10,18.78827476501465
2004-05-11,19.03136444091797
2004-05-12,19.282699584960938
2004-05-13,19.406301498413086
2004-05-14,19.876012802124023
2004-05-17,19.641159057617188
2004-05-18,19.85953140258789
2004-05-19,19.060211181640625
2004-05-20,19.28682518005371
2004-05-21,19.67411994934082
2004-05-24,20.498165130615234
2004-05-25,21.5653133392334
2004-05-26,21.248050689697266
2004-05-27,21.606508255004883
2004-05-28,21.734237670898438
2004-06-01,21.680667877197266
2004-06-02,21.4829044342041
2004-06-03,21.305740356445312
2004-06-04,21.272768020629883
2004-06-07,22.5335636138916
2004-06-08,22.21218490600586
2004-06-09,21.5488224029541
2004-06-10,21.503509521484375
2004-06-14,20.868989944458008
2004-06-15,21.02983856201172
2004-06-16,20.910234451293945
2004-06-17,21.083452224731445
2004-06-18,21.14531898498535
2004-06-21,20.88136100769043
2004-06-22,21.18243408203125
2004-06-23,21.957801818847656
2004-06-24,22.143400192260742
2004-06-25,21.81757926940918
2004-06-28,21.025714874267578
2004-06-29,20.737010955810547
2004-06-30,21.45876693725586
2004-07-01,21.339162826538086
2004-07-02,21.801074981689453
2004-07-06,21.2113094329834
2004-07-07,21.401023864746094
2004-07-08,20.167865753173828
2004-07-09,20.64628028869629
2004-07-12,20.757631301879883
2004-07-13,21.314416885375977
2004-07-14,21.26492691040039
2004-07-15,21.47114372253418
2004-07-16,21.821704864501953
2004-07-19,21.46700668334961
2004-07-20,21.198936462402344
2004-07-21,20.89786148071289
2004-07-22,21.021587371826172
2004-07-23,20.885478973388672
2004-07-26,20.745254516601562
2004-07-27,22.015548706054688
2004-07-28,21.904197692871094
2004-07-29,22.55995750427246
2004-07-30,22.531085968017578
2004-08-02,23.261089324951172
2004-08-03,22.828041076660156
2004-08-04,23.06724739074707
2004-08-05,22.99301528930664
2004-08-06,23.360071182250977
2004-08-09,22.931150436401367
2004-08-10,23.17859649658203
2004-08-11,23.013628005981445
2004-08-12,22.807415008544922
2004-08-13,23.33119773864746
2004-08-16,24.296283721923828
2004-08-17,24.370534896850586
2004-08-18,24.547870635986328
2004-08-19,24.10244369506836
2004-08-20,24.23442268371582
2004-08-23,25.178892135620117
2004-08-24,24.642730712890625
2004-08-25,24.411762237548828
2004-08-26,24.498382568359375
2004-08-27,24.457138061523438
2004-08-30,24.003467559814453
2004-08-31,24.312789916992188
2004-09-01,24.74583625793457
2004-09-02,24.663358688354492
2004-09-03,24.68810272216797
2004-09-07,25.8841552734375
2004-09-08,25.302614212036133
2004-09-09,25.517087936401367
2004-09-10,25.479961395263672
2004-09-13,25.463462829589844
2004-09-14,25.405733108520508
2004-09-15,25.273752212524414
2004-09-16,25.62432098388672
2004-09-17,25.863527297973633
2004-09-20,25.48821449279785
2004-09-21,26.271833419799805
2004-09-22,26.12748146057129
2004-09-23,25.6734561920166
2004-09-24,25.590906143188477
2004-09-27,25.73124122619629
2004-09-28,25.14512062072754
2004-09-29,24.980022430419922
2004-09-30,25.33086585998535
2004-10-01,25.43817901611328
2004-10-04,23.250568389892578
2004-10-05,21.649080276489258
2004-10-06,22.07420539855957
2004-10-07,20.864837646484375
2004-10-08,20.918495178222656
2004-10-11,20.765775680541992
2004-10-12,20.774030685424805
2004-10-13,20.29935646057129
2004-10-14,20.192041397094727
2004-10-15,20.138383865356445
2004-10-18,20.303491592407227
2004-10-19,19.96915626525879
2004-10-20,19.865970611572266
2004-10-21,19.973281860351562
2004-10-22,19.58942222595215
2004-10-25,21.25695037841797
2004-10-26,22.503480911254883
2004-10-27,22.742874145507812
2004-10-28,22.697477340698242
2004-10-29,22.652074813842773
2004-11-01,22.949251174926758
2004-11-02,23.19278335571289
2004-11-03,23.291847229003906
2004-11-04,23.011173248291016
2004-11-05,22.742874145507812
2004-11-08,23.09785270690918
2004-11-09,23.34136962890625
2004-11-10,23.403297424316406
2004-11-11,23.213420867919922
2004-11-12,23.960508346557617
2004-11-15,24.414539337158203
2004-11-16,23.7747745513916
2004-11-17,23.832557678222656
2004-11-18,23.94399070739746
2004-11-19,23.267086029052734
2004-11-22,23.481704711914062
2004-11-23,23.64681053161621
2004-11-24,23.778894424438477
2004-11-26,23.7706356048584
2004-11-29,22.891469955444336
2004-11-30,22.808923721313477
2004-12-01,23.267086029052734
2004-12-02,22.639690399169922
2004-12-03,23.05243682861328
2004-12-06,23.085468292236328
2004-12-07,22.907981872558594
2004-12-08,22.870838165283203
2004-12-09,23.671585083007812
2004-12-10,24.620920181274414
2004-12-13,24.872695922851562
2004-12-14,24.757123947143555
2004-12-15,26.825042724609375
2004-12-16,26.746610641479492
2004-12-17,26.28019905090332
2004-12-20,26.1645450592041
2004-12-21,26.156274795532227
2004-12-22,26.2388916015625
2004-12-23,25.97452163696289
2004-12-27,25.30120086669922
2004-12-28,26.123231887817383
2004-12-29,25.887771606445312
2004-12-30,26.209976196289062
2004-12-31,26.354557037353516
2005-01-03,26.11910057067871
2005-01-04,25.131839752197266
2005-01-05,24.92530632019043
2005-01-06,25.532522201538086
2005-01-07,25.363157272338867
2005-01-10,26.263668060302734
2005-01-11,26.04474449157715
2005-01-12,25.900163650512695
2005-01-13,26.45783233642578
2005-01-14,27.259201049804688
2005-01-18,27.267457962036133
2005-01-19,27.478137969970703
2005-01-20,26.676753997802734
2005-01-21,26.602399826049805
2005-01-24,26.247154235839844
2005-01-25,26.470212936401367
2005-01-26,27.069181442260742
2005-01-27,26.5982723236084
2005-01-28,26.84612464904785
2005-01-31,27.29637908935547
2005-02-01,27.99862289428711
2005-02-02,28.192764282226562
2005-02-03,27.403779983520508
2005-02-04,29.213077545166016
2005-02-07,28.919782638549805
2005-02-08,29.679847717285156
2005-02-09,29.208946228027344
2005-02-10,29.394840240478516
2005-02-11,28.874347686767578
2005-02-14,28.3497314453125
2005-02-15,28.296030044555664
2005-02-16,28.940439224243164
2005-02-17,29.03131866455078
2005-02-18,28.721508026123047
2005-02-22,27.614450454711914
2005-02-23,27.858165740966797
2005-02-24,30.34078598022461
2005-02-25,32.47642517089844
2005-02-28,32.228580474853516
2005-03-01,32.09223937988281
2005-03-02,31.807228088378906
2005-03-03,31.476770401000977
2005-03-04,32.89775085449219
2005-03-07,32.65404510498047
2005-03-08,32.21617126464844
2005-03-09,31.16693687438965
2005-03-10,30.353185653686523
2005-03-11,30.464717864990234
2005-03-14,30.212709426879883
2005-03-15,30.101192474365234
2005-03-16,30.406890869140625
2005-03-17,29.849220275878906
2005-03-18,29.799602508544922
2005-03-21,29.915359497070312
2005-03-22,30.05590057373047
2005-03-23,29.54746437072754
2005-03-24,29.787206649780273
2005-03-28,30.051780700683594
2005-03-29,29.857481002807617
2005-03-30,30.01043128967285
2005-03-31,30.436193466186523
2005-04-01,30.692493438720703
2005-04-04,30.812368392944336
2005-04-05,30.667682647705078
2005-04-06,30.0848445892334
2005-04-07,30.320466995239258
2005-04-08,30.146846771240234
2005-04-11,30.506471633911133
2005-04-12,31.490278244018555
2005-04-13,30.795822143554688
2005-04-14,29.158912658691406
2005-04-15,28.06761360168457
2005-04-18,28.93568992614746
2005-04-19,29.101024627685547
2005-04-20,27.964271545410156
2005-04-21,29.06382179260254
2005-04-22,28.526439666748047
2005-04-25,29.452375411987305
2005-04-26,29.683866500854492
2005-04-27,29.42343521118164
2005-04-28,28.563650131225586
2005-04-29,29.53504180908203
2005-05-02,29.725202560424805
2005-05-03,29.712800979614258
2005-05-04,29.98148536682129
2005-05-05,30.060035705566406
2005-05-06,30.308055877685547
2005-05-09,30.465131759643555
2005-05-10,30.047639846801758
2005-05-11,30.37006378173828
2005-05-12,29.245712280273438
2005-05-13,28.542987823486328
2005-05-16,29.398653030395508
2005-05-17,29.530935287475586
2005-05-18,30.754491806030273
2005-05-19,30.771039962768555
2005-05-20,30.40312385559082
2005-05-23,30.663543701171875
2005-05-24,30.580883026123047
2005-05-25,30.258451461791992
2005-05-26,31.548160552978516
2005-05-27,31.424152374267578
2005-05-31,31.60188865661621
2005-06-01,32.42035675048828
2005-06-02,32.29221725463867
2005-06-03,31.453081130981445
2005-06-06,31.874717712402344
2005-06-07,32.67665481567383
2005-06-08,31.990449905395508
2005-06-09,32.230220794677734
2005-06-10,31.92019271850586
2005-06-13,32.11445999145508
2005-06-14,32.8006706237793
2005-06-15,33.548858642578125
2005-06-16,33.999412536621094
2005-06-17,35.54954147338867
2005-06-20,34.47893524169922
2005-06-21,34.72710037231445
2005-06-22,34.68988037109375
2005-06-23,34.110809326171875
2005-06-24,33.64756393432617
2005-06-27,34.37138748168945
2005-06-28,34.93803024291992
2005-06-29,34.42929458618164
2005-06-30,34.8470458984375
2005-07-01,34.950435638427734
2005-07-05,35.29789733886719
2005-07-06,34.91321563720703
2005-07-07,36.580078125
2005-07-08,37.035064697265625
2005-07-11,37.84989929199219
2005-07-12,38.03187942504883
2005-07-13,38.19732666015625
2005-07-14,37.535526275634766
2005-07-15,38.5282096862793
2005-07-18,38.52409362792969
2005-07-19,38.879783630371094
2005-07-20,39.33477020263672
2005-07-21,37.92848205566406
2005-07-22,38.66884231567383
2005-07-25,37.303932189941406
2005-07-26,37.93260192871094
2005-07-27,38.321414947509766
2005-07-28,39.64497756958008
2005-07-29,38.722625732421875
2005-08-01,38.97492599487305
2005-08-02,39.239646911621094
2005-08-03,38.896331787109375
2005-08-04,38.333831787109375
2005-08-05,37.204647064208984
2005-08-08,35.8810920715332
2005-08-09,36.24919509887695
2005-08-10,36.228515625
2005-08-11,36.43120193481445
2005-08-12,36.41877746582031
2005-08-15,36.41050720214844
2005-08-16,35.769412994384766
2005-08-17,35.26066970825195
2005-08-18,35.00422286987305
2005-08-19,34.93803024291992
2005-08-22,34.80982208251953
2005-08-23,34.5285758972168
2005-08-24,35.09109115600586
2005-08-25,34.665061950683594
2005-08-26,34.338294982910156
2005-08-29,34.2762565612793
2005-08-30,34.404483795166016
2005-08-31,35.653594970703125
2005-09-01,35.58327865600586
2005-09-02,35.36406707763672
2005-09-06,36.48080062866211
2005-09-07,36.72071838378906
2005-09-08,36.25748825073242
2005-09-09,37.812660217285156
2005-09-12,37.72993087768555
2005-09-13,37.69684982299805
2005-09-14,37.6885871887207
2005-09-15,38.05255889892578
2005-09-16,36.348480224609375
2005-09-19,36.31538391113281
2005-09-20,34.718841552734375
2005-09-21,34.751922607421875
2005-09-22,35.68757247924805
2005-09-23,35.90286636352539
2005-09-26,35.32324981689453
2005-09-27,35.32324981689453
2005-09-28,34.62771224975586
2005-09-29,35.23217010498047
2005-09-30,35.53852844238281
2005-10-03,35.75381851196289
2005-10-04,34.1060676574707
2005-10-05,32.292701721191406
2005-10-06,31.381877899169922
2005-10-07,31.274240493774414
2005-10-10,30.139863967895508
2005-10-11,30.5124568939209
2005-10-12,30.007369995117188
2005-10-13,30.14812660217285
2005-10-14,30.56214141845703
2005-10-17,30.64494514465332
2005-10-18,29.12967300415039
2005-10-19,30.901643753051758
2005-10-20,30.669788360595703
2005-10-21,30.264057159423828
2005-10-24,30.827102661132812
2005-10-25,30.99270248413086
2005-10-26,30.139863967895508
2005-10-27,29.750682830810547
2005-10-28,30.040496826171875
2005-10-31,31.29081153869629
2005-11-01,32.300994873046875
2005-11-02,33.89906311035156
2005-11-03,33.62580108642578
2005-11-04,33.36084747314453
2005-11-07,34.337913513183594
2005-11-08,31.274240493774414
2005-11-09,30.694622039794922
2005-11-10,31.878698348999023
2005-11-11,31.878698348999023
2005-11-14,32.0360221862793
2005-11-15,31.9366397857666
2005-11-16,32.416908264160156
2005-11-17,33.9984130859375
2005-11-18,33.741737365722656
2005-11-21,34.61941909790039
2005-11-22,35.45570373535156
2005-11-23,35.60476303100586
2005-11-25,35.7703857421875
2005-11-28,34.404144287109375
2005-11-29,34.652549743652344
2005-11-30,34.47038650512695
2005-12-01,34.909236907958984
2005-12-02,35.19904327392578
2005-12-05,35.16593933105469
2005-12-06,35.058284759521484
2005-12-07,33.55955505371094
2005-12-08,33.824527740478516
2005-12-09,33.708621978759766
2005-12-12,33.5512809753418
2005-12-13,34.36273956298828
2005-12-14,35.43916320800781
2005-12-15,34.88440704345703
2005-12-16,35.12453079223633
2005-12-19,34.412437438964844
2005-12-20,34.428977966308594
2005-12-21,34.420711517333984
2005-12-22,34.39582443237305
2005-12-23,33.77422332763672
2005-12-27,33.98142623901367
2005-12-28,33.0863037109375
2005-12-29,33.0863037109375
2005-12-30,32.62216567993164
2006-01-03,34.180335998535156
2006-01-04,33.89027404785156
2006-01-05,34.66105270385742
2006-01-06,34.495296478271484
2006-01-09,36.53417205810547
2006-01-10,36.310386657714844
2006-01-11,37.00660705566406
2006-01-12,35.514739990234375
2006-01-13,35.20807647705078
2006-01-17,34.59476089477539
2006-01-18,34.37926483154297
2006-01-19,33.799072265625
2006-01-20,33.392974853515625
2006-01-23,33.16091537475586
2006-01-24,33.13603210449219
2006-01-25,32.55586624145508
2006-01-26,32.16633224487305
2006-01-27,32.9371223449707
2006-01-30,32.97856140136719
2006-01-31,33.06973648071289
2006-02-01,32.207763671875
2006-02-02,31.0888614654541
2006-02-03,31.79334259033203
2006-02-06,31.445255279541016
2006-02-07,30.724191665649414
2006-02-08,31.702184677124023
2006-02-09,31.544710159301758
2006-02-10,31.17173957824707
2006-02-13,31.080575942993164
2006-02-14,31.909395217895508
2006-02-15,31.983970642089844
2006-02-16,31.801651000976562
2006-02-17,31.36237144470215
2006-02-21,32.100006103515625
2006-02-22,33.749351501464844
2006-02-23,33.227195739746094
2006-02-24,33.169193267822266
2006-02-27,32.63875198364258
2006-02-28,31.83479118347168
2006-03-01,32.091739654541016
2006-03-02,32.17461013793945
2006-03-03,31.909395217895508
2006-03-06,31.90109634399414
2006-03-07,31.005985260009766
2006-03-08,30.815357208251953
2006-03-09,29.87050437927246
2006-03-10,30.37664794921875
2006-03-13,30.393239974975586
2006-03-14,31.57145881652832
2006-03-15,31.422096252441406
2006-03-16,32.318214416503906
2006-03-17,32.93223571777344
2006-03-20,32.450984954833984
2006-03-21,31.28936004638672
2006-03-22,31.36402702331543
2006-03-23,32.71651077270508
2006-03-24,33.32221221923828
2006-03-27,33.5213508605957
2006-03-28,32.517364501953125
2006-03-29,33.01519775390625
2006-03-30,32.20207595825195
2006-03-31,31.87845802307129
2006-04-03,31.57145881652832
2006-04-04,31.886756896972656
2006-04-05,33.77027130126953
2006-04-06,33.405181884765625
2006-04-07,33.86153030395508
2006-04-10,33.911312103271484
2006-04-11,33.61260986328125
2006-04-12,32.93223571777344
2006-04-13,32.774600982666016
2006-04-17,32.09418869018555
2006-04-18,34.309593200683594
2006-04-19,33.17284393310547
2006-04-20,33.089874267578125
2006-04-21,33.031795501708984
2006-04-24,32.64183044433594
2006-04-25,31.447010040283203
2006-04-26,32.392906188964844
2006-04-27,31.438703536987305
2006-04-28,30.990644454956055
2006-05-01,30.368358612060547
2006-05-02,29.663066864013672
2006-05-03,29.663066864013672
2006-05-04,29.422452926635742
2006-05-05,30.741729736328125
2006-05-08,30.35173988342285
2006-05-09,29.953466415405273
2006-05-10,30.35173988342285
2006-05-11,29.03247833251953
2006-05-12,28.55951499938965
2006-05-15,27.746381759643555
2006-05-16,27.099185943603516
2006-05-17,26.900047302246094
2006-05-18,27.38129234313965
2006-05-19,27.265134811401367
2006-05-22,27.165569305419922
2006-05-23,27.331506729125977
2006-05-24,27.621919631958008
2006-05-25,27.72978973388672
2006-05-26,27.90402603149414
2006-05-30,27.099185943603516
2006-05-31,26.9415283203125
2006-06-01,27.406177520751953
2006-06-02,25.995634078979492
2006-06-05,24.68465805053711
2006-06-06,23.32388687133789
2006-06-07,23.298995971679688
2006-06-08,23.00029182434082
2006-06-09,23.456640243530273
2006-06-12,22.718175888061523
2006-06-13,22.037797927856445
2006-06-14,22.543933868408203
2006-06-15,23.524463653564453
2006-06-16,23.23362922668457
2006-06-19,23.075748443603516
2006-06-20,22.62702178955078
2006-06-21,23.848541259765625
2006-06-22,23.640792846679688
2006-06-23,23.815298080444336
2006-06-26,24.22246551513672
2006-06-27,23.682350158691406
2006-06-28,23.62417984008789
2006-06-29,24.355426788330078
2006-06-30,23.9233341217041
2006-07-03,23.881786346435547
2006-07-05,23.823617935180664
2006-07-06,24.122760772705078
2006-07-07,24.08120346069336
2006-07-10,24.22246551513672
2006-07-11,24.23078155517578
2006-07-12,23.698959350585938
2006-07-13,23.30010414123535
2006-07-14,22.477449417114258
2006-07-17,22.477449417114258
2006-07-18,22.477449417114258
2006-07-19,23.37489891052246
2006-07-20,22.302947998046875
2006-07-21,22.435909271240234
2006-07-24,23.856849670410156
2006-07-25,24.895545959472656
2006-07-26,24.970340728759766
2006-07-27,24.23078155517578
2006-07-28,24.372041702270508
2006-07-31,23.682350158691406
2006-08-01,23.757129669189453
2006-08-02,23.806995391845703
2006-08-03,25.09498405456543
2006-08-04,25.25286102294922
2006-08-07,25.834529876708984
2006-08-08,24.92878532409668
2006-08-09,23.998106002807617
2006-08-10,23.90670394897461
2006-08-11,23.225322723388672
2006-08-14,22.87632179260254
2006-08-15,23.54107666015625
2006-08-16,24.72104835510254
2006-08-17,25.111604690551758
2006-08-18,24.83738899230957
2006-08-21,24.072900772094727
2006-08-22,24.18922996520996
2006-08-23,23.34164810180664
2006-08-24,24.30556869506836
2006-08-25,23.96487808227539
2006-08-28,24.34711456298828
2006-08-29,24.654573440551758
2006-08-30,24.30556869506836
2006-08-31,24.654573440551758
2006-09-01,24.704429626464844
2006-09-05,24.08120346069336
2006-09-06,23.275175094604492
2006-09-07,23.939939498901367
2006-09-08,24.155988693237305
2006-09-11,24.521610260009766
2006-09-12,26.166919708251953
2006-09-13,25.851150512695312
2006-09-14,25.98410415649414
2006-09-15,26.565776824951172
2006-09-18,26.64887809753418
2006-09-19,26.266630172729492
2006-09-20,26.04227066040039
2006-09-21,25.6595458984375
2006-09-22,26.05059242248535
2006-09-25,27.17382049560547
2006-09-26,27.648069381713867
2006-09-27,27.007421493530273
2006-09-28,27.331907272338867
2006-09-29,26.508207321166992
2006-10-02,26.99909782409668
2006-10-03,26.358444213867188
2006-10-04,26.882625579833984
2006-10-05,26.691251754760742
2006-10-06,26.757808685302734
2006-10-09,27.456714630126953
2006-10-10,28.346975326538086
2006-10-11,27.872713088989258
2006-10-12,28.5882568359375
2006-10-13,27.323572158813477
2006-10-16,27.298620223999023
2006-10-17,26.874296188354492
2006-10-18,26.4998836517334
2006-10-19,26.57476234436035
2006-10-20,26.075557708740234
2006-10-23,25.884191513061523
2006-10-24,26.425003051757812
2006-10-25,26.791095733642578
2006-10-26,27.17382049560547
2006-10-27,26.30852699279785
2006-10-30,26.01731300354004
2006-10-31,25.784343719482422
2006-11-01,25.79266357421875
2006-11-02,25.65121841430664
2006-11-03,25.043846130371094
2006-11-06,25.11041259765625
2006-11-07,24.93568992614746
2006-11-08,24.078704833984375
2006-11-09,23.537887573242188
2006-11-10,24.25342559814453
2006-11-13,24.037105560302734
2006-11-14,25.251848220825195
2006-11-15,25.692819595336914
2006-11-16,25.842586517333984
2006-11-17,25.884191513061523
2006-11-20,25.634586334228516
2006-11-21,25.834266662597656
2006-11-22,26.61637306213379
2006-11-24,26.375076293945312
2006-11-27,25.900829315185547
2006-11-28,25.609621047973633
2006-11-29,25.859228134155273
2006-11-30,28.072399139404297
2006-12-01,28.122325897216797
2006-12-04,27.747913360595703
2006-12-05,28.263771057128906
2006-12-06,28.954343795776367
2006-12-07,28.272090911865234
2006-12-08,27.731273651123047
2006-12-11,27.85607147216797
2006-12-12,27.53990936279297
2006-12-13,27.897668838500977
2006-12-14,27.623111724853516
2006-12-15,27.65639877319336
2006-12-18,27.43147850036621
2006-12-19,27.11492347717285
2006-12-20,27.164907455444336
2006-12-21,26.96497917175293
2006-12-22,26.8900146484375
2006-12-26,27.364830017089844
2006-12-27,27.78134536743164
2006-12-28,27.639734268188477
2006-12-29,27.58974838256836
2007-01-03,26.96497917175293
2007-01-04,26.581790924072266
2007-01-05,26.606779098510742
2007-01-08,26.215255737304688
2007-01-09,26.08197593688965
2007-01-10,26.1319637298584
2007-01-11,26.548477172851562
2007-01-12,26.70674705505371
2007-01-16,26.240249633789062
2007-01-17,27.331512451171875
2007-01-18,27.406484603881836
2007-01-19,28.28948974609375
2007-01-22,28.022926330566406
2007-01-23,28.447769165039062
2007-01-24,28.48941421508789
2007-01-25,27.548097610473633
2007-01-26,27.10659408569336
2007-01-29,27.31485939025879
2007-01-30,27.31485939025879
2007-01-31,28.606042861938477
2007-02-01,28.256174087524414
2007-02-02,29.2391357421875
2007-02-05,28.65601921081543
2007-02-06,28.48941421508789
2007-02-07,28.164533615112305
2007-02-08,27.49811363220215
2007-02-09,26.8233699798584
2007-02-12,26.556798934936523
2007-02-13,26.81504249572754
2007-02-14,26.93999481201172
2007-02-15,27.148256301879883
2007-02-16,26.93999481201172
2007-02-20,27.014957427978516
2007-02-21,26.606779098510742
2007-02-22,26.31521987915039
2007-02-23,25.973684310913086
2007-02-26,26.007009506225586
2007-02-27,24.93240737915039
2007-02-28,24.624187469482422
2007-03-01,25.03236961364746
2007-03-02,24.574209213256836
2007-03-05,23.657882690429688
2007-03-06,23.94942855834961
2007-03-07,23.799489974975586
2007-03-08,24.141033172607422
2007-03-09,23.990888595581055
2007-03-12,22.8397216796875
2007-03-13,21.68021583557129
2007-03-14,22.122331619262695
2007-03-15,22.214080810546875
2007-03-16,21.947147369384766
2007-03-19,22.0472469329834
2007-03-20,22.205753326416016
2007-03-21,23.148359298706055
2007-03-22,22.93147850036621
2007-03-23,22.989870071411133
2007-03-26,22.731277465820312
2007-03-27,22.34755516052246
2007-03-28,21.713584899902344
2007-03-29,22.05559539794922
2007-03-30,22.072280883789062
2007-04-02,21.96384048461914
2007-04-03,22.314191818237305
2007-04-04,22.130672454833984
2007-04-05,22.48102378845215
2007-04-09,22.439313888549805
2007-04-10,21.897106170654297
2007-04-11,21.329862594604492
2007-04-12,21.872074127197266
2007-04-13,21.488361358642578
2007-04-16,21.77197265625
2007-04-17,22.25579833984375
2007-04-18,23.315196990966797
2007-04-19,23.0899715423584
2007-04-20,23.69057846069336
2007-04-23,23.323543548583984
2007-04-24,23.20676040649414
2007-04-25,23.273496627807617
2007-04-26,24.04093360900879
2007-04-27,23.323543548583984
2007-04-30,22.439313888549805
2007-05-01,22.522737503051758
2007-05-02,22.447656631469727
2007-05-03,22.48936653137207
2007-05-04,21.997203826904297
2007-05-07,21.730270385742188
2007-05-08,21.813676834106445
2007-05-09,21.738605499267578
2007-05-10,21.363229751586914
2007-05-11,21.5968017578125
2007-05-14,21.329862594604492
2007-05-15,21.279809951782227
2007-05-16,21.446638107299805
2007-05-17,21.77197265625
2007-05-18,21.721921920776367
2007-05-21,22.164043426513672
2007-05-22,22.939823150634766
2007-05-23,22.672883987426758
2007-05-24,22.989870071411133
2007-05-25,22.923139572143555
2007-05-29,22.898109436035156
2007-05-30,22.881433486938477
2007-05-31,22.76464080810547
2007-06-01,22.564435958862305
2007-06-04,23.031578063964844
2007-06-05,22.62284278869629
2007-06-06,21.997203826904297
2007-06-07,20.88774871826172
2007-06-08,21.563438415527344
2007-06-11,21.179716110229492
2007-06-12,20.56242561340332
2007-06-13,20.81266975402832
2007-06-14,20.729122161865234
2007-06-15,20.795961380004883
2007-06-18,20.72076988220215
2007-06-19,20.71240997314453
2007-06-20,20.470117568969727
2007-06-21,20.353145599365234
2007-06-22,19.88524627685547
2007-06-25,19.450790405273438
2007-06-26,18.84921646118164
2007-06-27,19.216835021972656
2007-06-28,18.93276596069336
2007-06-29,18.757314682006836
2007-07-02,18.890987396240234
2007-07-03,18.690460205078125
2007-07-05,18.498300552368164
2007-07-06,18.982898712158203
2007-07-09,18.732242584228516
2007-07-10,18.14737892150879
2007-07-11,18.197509765625
2007-07-12,18.782371520996094
2007-07-13,19.475852966308594
2007-07-16,19.2669734954834
2007-07-17,18.974533081054688
2007-07-18,18.540071487426758
2007-07-19,18.715530395507812
2007-07-20,18.41473960876465
2007-07-23,17.7463436126709
2007-07-24,17.094621658325195
2007-07-25,17.270095825195312
2007-07-26,16.74371910095215
2007-07-27,16.37609100341797
2007-07-30,16.392805099487305
2007-07-31,16.15886116027832
2007-08-01,16.11707878112793
2007-08-02,16.701940536499023
2007-08-03,15.532218933105469
2007-08-06,15.82464599609375
2007-08-07,17.027793884277344
2007-08-08,18.256000518798828
2007-08-09,17.955211639404297
2007-08-10,16.96930503845215
2007-08-13,15.7494535446167
2007-08-14,14.554669380187988
2007-08-15,14.120195388793945
2007-08-16,14.320721626281738
2007-08-17,14.588083267211914
2007-08-20,14.521246910095215
2007-08-21,14.446054458618164
2007-08-22,14.613160133361816
2007-08-23,14.696708679199219
2007-08-24,14.646574020385742
2007-08-27,13.953094482421875
2007-08-28,13.359881401062012
2007-08-29,13.844480514526367
2007-08-30,13.577116966247559
2007-08-31,13.90296459197998
2007-09-04,14.161977767944336
2007-09-05,13.669021606445312
2007-09-06,13.435078620910645
2007-09-07,12.950480461120605
2007-09-10,12.566140174865723
2007-09-11,12.716534614562988
2007-09-12,12.674759864807129
2007-09-13,12.967190742492676
2007-09-14,13.401662826538086
2007-09-17,13.44343376159668
2007-09-18,14.287300109863281
2007-09-19,14.420985221862793
2007-09-20,13.460142135620117
2007-09-21,13.535529136657715
2007-09-24,12.647679328918457
2007-09-25,12.262380599975586
2007-09-26,11.282397270202637
2007-09-27,11.441539764404297
2007-09-28,11.399662017822266
2007-10-01,12.388021469116211
2007-10-02,12.982715606689453
2007-10-03,13.368008613586426
2007-10-04,12.9157075881958
2007-10-05,12.924080848693848
2007-10-08,12.429901123046875
2007-10-09,12.547164916992188
2007-10-10,12.865450859069824
2007-10-11,13.016219139099121
2007-10-12,12.6979341506958
2007-10-15,12.086490631103516
2007-10-16,11.851963996887207
2007-10-17,11.508548736572266
2007-10-18,11.58393383026123
2007-10-19,11.449917793273926
2007-10-22,12.446651458740234
2007-10-23,12.429901123046875
2007-10-24,12.5555419921875
2007-10-25,12.170247077941895
2007-10-26,12.81519603729248
2007-10-29,12.706308364868164
2007-10-30,12.798443794250488
2007-10-31,12.429901123046875
2007-11-01,11.918972969055176
2007-11-02,11.382909774780273
2007-11-05,10.913854598999023
2007-11-06,11.207015991210938
2007-11-07,10.729583740234375
2007-11-08,10.578817367553711
2007-11-09,10.8217191696167
2007-11-12,10.863600730895996
2007-11-13,11.458291053771973
2007-11-14,11.265644073486328
2007-11-15,11.01436710357666
2007-11-16,10.754714012145996
2007-11-19,9.88361644744873
2007-11-20,8.87850284576416
2007-11-21,7.7477498054504395
2007-11-23,8.066033363342285
2007-11-26,7.672363758087158
2007-11-27,7.605357646942139
2007-11-28,7.98227596282959
2007-11-29,7.906891345977783
2007-11-30,8.560216903686523
2007-12-03,8.426200866699219
2007-12-04,8.250307083129883
2007-12-05,8.551838874816895
2007-12-06,9.640715599060059
2007-12-07,9.649089813232422
2007-12-10,10.227028846740723
2007-12-11,8.98738956451416
2007-12-12,9.305672645568848
2007-12-13,9.138158798217773
2007-12-14,8.685855865478516
2007-12-17,8.500872611999512
2007-12-18,8.601765632629395
2007-12-19,8.559730529785156
2007-12-20,8.551316261291504
2007-12-21,8.626997947692871
2007-12-24,8.778346061706543
2007-12-26,8.938105583190918
2007-12-27,8.996963500976562
2007-12-28,8.677443504333496
2007-12-31,8.862431526184082
2008-01-02,8.761529922485352
2008-01-03,8.223396301269531
2008-01-04,7.685257434844971
2008-01-07,7.609583377838135
2008-01-08,7.2816548347473145
2008-01-09,7.382554531097412
2008-01-10,7.811384201049805
2008-01-11,7.685257434844971
2008-01-14,7.9375081062316895
2008-01-15,7.399372577667236
2008-01-16,7.929101943969727
2008-01-17,8.1561279296875
2008-01-18,8.408376693725586
2008-01-22,9.030598640441895
2008-01-23,11.023384094238281
2008-01-24,10.804766654968262
2008-01-25,11.01497745513916
2008-01-28,11.586747169494629
2008-01-29,12.486442565917969
2008-01-30,11.41016960144043
2008-01-31,13.747697830200195
2008-02-01,13.31887149810791
2008-02-04,12.814370155334473
2008-02-05,12.402359962463379
2008-02-06,11.973530769348145
2008-02-07,12.385539054870605
2008-02-08,12.18373966217041
2008-02-11,12.402359962463379
2008-02-12,11.96512508392334
2008-02-13,12.419172286987305
2008-02-14,11.990345001220703
2008-02-15,11.418580055236816
2008-02-19,11.906259536743164
2008-02-20,12.444400787353516
2008-02-21,12.158517837524414
2008-02-22,12.368727684020996
2008-02-25,12.402359962463379
2008-02-26,13.024579048156738
2008-02-27,13.377730369567871
2008-02-28,12.486442565917969
2008-02-29,11.384943008422852
2008-03-03,10.594559669494629
2008-03-04,10.82999324798584
2008-03-05,11.031792640686035
2008-03-06,10.249812126159668
2008-03-07,9.9639310836792
2008-03-10,9.905073165893555
2008-03-11,10.510473251342773
2008-03-12,9.913477897644043
2008-03-13,10.653416633605957
2008-03-14,10.324450492858887
2008-03-17,9.826786994934082
2008-03-18,10.931769371032715
2008-03-19,11.058294296264648
2008-03-20,12.37415885925293
2008-03-24,13.057394981384277
2008-03-25,12.694685935974121
2008-03-26,11.969276428222656
2008-03-27,12.16328239440918
2008-03-28,11.842751502990723
2008-03-31,12.272936820983887
2008-04-01,13.02365493774414
2008-04-02,13.099569320678711
2008-04-03,13.420097351074219
2008-04-04,13.3357515335083
2008-04-07,13.377924919128418
2008-04-08,12.601900100708008
2008-04-09,11.8174467086792
2008-04-10,12.16328239440918
2008-04-11,11.80901050567627
2008-04-14,11.539092063903809
2008-04-15,11.868057250976562
2008-04-16,12.601900100708008
2008-04-17,12.55972671508789
2008-04-18,12.500682830810547
2008-04-21,12.306676864624023
2008-04-22,11.65717887878418
2008-04-23,11.049860954284668
2008-04-24,11.648750305175781
2008-04-25,11.547528266906738
2008-04-28,11.969276428222656
2008-04-29,11.640312194824219
2008-04-30,10.999250411987305
2008-05-01,11.901796340942383
2008-05-02,11.960841178894043
2008-05-05,12.154847145080566
2008-05-06,12.25606632232666
2008-05-07,11.547528266906738
2008-05-08,11.184818267822266
2008-05-09,10.982381820678711
2008-05-12,11.286041259765625
2008-05-13,10.872727394104004
2008-05-14,11.615006446838379
2008-05-15,12.18858528137207
2008-05-16,12.416332244873047
2008-05-19,12.028319358825684
2008-05-20,11.488478660583496
2008-05-21,10.771502494812012
2008-05-22,10.62811279296875
2008-05-23,10.39193344116211
2008-05-27,10.560629844665527
2008-05-28,10.636543273925781
2008-05-29,10.45097541809082
2008-05-30,10.316015243530273
2008-06-02,10.282275199890137
2008-06-03,10.695588111877441
2008-06-04,10.45941162109375
2008-06-05,10.19792366027832
2008-06-06,9.168852806091309
2008-06-09,8.966411590576172
2008-06-10,9.278505325317383
2008-06-11,8.578399658203125
2008-06-12,8.873628616333008
2008-06-13,9.092940330505371
2008-06-16,9.000155448913574
2008-06-17,9.279559135437012
2008-06-18,9.51662540435791
2008-06-19,9.838364601135254
2008-06-20,9.465825080871582
2008-06-23,8.890088081359863
2008-06-24,9.338825225830078
2008-06-25,9.398089408874512
2008-06-26,8.780019760131836
2008-06-27,8.52601432800293
2008-06-30,8.153478622436523
2008-07-01,8.314350128173828
2008-07-02,7.9079437255859375
2008-07-03,8.212745666503906
2008-07-07,7.738609313964844
2008-07-08,8.627614974975586
2008-07-09,8.305882453918457
2008-07-10,7.6793389320373535
2008-07-11,7.501535892486572
2008-07-14,7.848680019378662
2008-07-15,7.721673011779785
2008-07-16,9.059420585632324
2008-07-17,9.626692771911621
2008-07-18,9.635159492492676
2008-07-21,9.906096458435059
2008-07-22,10.549565315246582
2008-07-23,10.845905303955078
2008-07-24,9.338825225830078
2008-07-25,9.575897216796875
2008-07-28,9.084817886352539
2008-07-29,9.999232292175293
2008-07-30,9.906096458435059
2008-07-31,10.33790111541748
2008-08-01,10.168566703796387
2008-08-04,9.812966346740723
2008-08-05,10.405632972717285
2008-08-06,10.397164344787598
2008-08-07,10.532632827758789
2008-08-08,10.972904205322266
2008-08-11,11.209973335266113
2008-08-12,10.558039665222168
2008-08-13,10.490301132202148
2008-08-14,11.184576034545898
2008-08-15,11.116840362548828
2008-08-18,10.608835220336914
2008-08-19,10.219362258911133
2008-08-20,10.812040328979492
2008-08-21,11.201504707336426
2008-08-22,11.565573692321777
2008-08-25,11.167640686035156
2008-08-26,10.79510498046875
2008-08-27,11.108372688293457
2008-08-28,11.946582794189453
2008-08-29,12.285252571105957
2008-09-02,12.51385498046875
2008-09-03,12.53925895690918
2008-09-04,11.811112403869629
2008-09-05,12.344521522521973
2008-09-08,13.733065605163574
2008-09-09,12.505387306213379
2008-09-10,13.123459815979004
2008-09-11,13.860067367553711
2008-09-12,13.927803039550781
2008-09-15,13.385931968688965
2008-09-16,13.741532325744629
2008-09-17,12.166715621948242
2008-09-18,13.809266090393066
2008-09-19,14.588203430175781
2008-09-22,12.907891273498535
2008-09-23,12.373245239257812
2008-09-24,12.780591011047363
2008-09-25,13.247346878051758
2008-09-26,13.765020370483398
2008-09-29,11.787678718566895
2008-09-30,11.855568885803223
2008-10-01,12.933351516723633
2008-10-02,11.931949615478516
2008-10-03,11.125736236572266
2008-10-06,10.63352108001709
2008-10-07,9.861254692077637
2008-10-08,10.081905364990234
2008-10-09,9.165364265441895
2008-10-10,9.555743217468262
2008-10-13,9.98006534576416
2008-10-14,9.793365478515625
2008-10-15,8.359155654907227
2008-10-16,9.0805025100708
2008-10-17,8.80893325805664
2008-10-20,9.598172187805176
2008-10-21,8.953208923339844
2008-10-22,8.444016456604004
2008-10-23,6.882510185241699
2008-10-24,7.213481426239014
2008-10-27,7.145592212677002
2008-10-28,7.841479778289795
2008-10-29,8.384612083435059
2008-10-30,8.69012451171875
2008-10-31,9.453906059265137
2008-11-03,8.868340492248535
2008-11-04,9.589688301086426
2008-11-05,9.046558380126953
2008-11-06,9.165364265441895
2008-11-07,8.698609352111816
2008-11-10,8.206398010253906
2008-11-11,7.985748767852783
2008-11-12,7.400185585021973
2008-11-13,7.697210788726807
2008-11-14,7.705698490142822
2008-11-17,7.55294132232666
2008-11-18,7.722668170928955
2008-11-19,7.298347473144531
2008-11-20,6.356350898742676
2008-11-21,6.042351722717285
2008-11-24,7.434130668640137
2008-11-25,8.333690643310547
2008-11-26,9.139906883239746
2008-11-28,9.038069725036621
2008-12-01,7.892402172088623
2008-12-02,8.333690643310547
2008-12-03,9.453906059265137
2008-12-04,9.844280242919922
2008-12-05,10.06493091583252
2008-12-08,10.00552749633789
2008-12-09,9.046558380126953
2008-12-10,9.496336936950684
2008-12-11,8.868340492248535
2008-12-12,9.139906883239746
2008-12-15,8.65617847442627
2008-12-16,9.929146766662598
2008-12-17,10.11584758758545
2008-12-18,9.664552688598633
2008-12-19,9.298405647277832
2008-12-22,8.974835395812988
2008-12-23,8.974835395812988
2008-12-24,8.778993606567383
2008-12-26,8.753445625305176
2008-12-29,8.549084663391113
2008-12-30,9.025927543640137
2008-12-31,9.30692195892334
2009-01-02,9.511280059814453
2009-01-05,10.337240219116211
2009-01-06,10.924773216247559
2009-01-07,10.260603904724121
2009-01-08,10.516054153442383
2009-01-09,10.00515365600586
2009-01-12,9.136619567871094
2009-01-13,9.332468032836914
2009-01-14,8.744927406311035
2009-01-15,9.077013969421387
2009-01-16,9.494250297546387
2009-01-20,8.864140510559082
2009-01-21,9.025927543640137
2009-01-22,8.983349800109863
2009-01-23,9.145133018493652
2009-01-26,9.36652946472168
2009-01-27,9.136619567871094
2009-01-28,9.920003890991211
2009-01-29,9.051469802856445
2009-01-30,8.642748832702637
2009-02-02,8.719381332397461
2009-02-03,9.298405647277832
2009-02-04,9.221772193908691
2009-02-05,9.604944229125977
2009-02-06,10.507539749145508
2009-02-09,9.67306900024414
2009-02-10,8.685322761535645
2009-02-11,9.289888381958008
2009-02-12,8.983349800109863
2009-02-13,9.170680046081543
2009-02-17,8.446904182434082
2009-02-18,8.097785949707031
2009-02-19,7.433617115020752
2009-02-20,7.416586399078369
2009-02-23,7.459162712097168
2009-02-24,8.4298734664917
2009-02-25,8.395811080932617
2009-02-26,8.140361785888672
2009-02-27,7.816790580749512
2009-03-02,7.271832466125488
2009-03-03,6.880139350891113
2009-03-04,7.093013763427734
2009-03-05,6.965291500091553
2009-03-06,6.726868152618408
2009-03-09,6.880139350891113
2009-03-10,7.987091064453125
2009-03-11,7.825307369232178
2009-03-12,8.532054901123047
2009-03-13,8.51502513885498
2009-03-16,8.106304168701172
2009-03-17,8.651267051696777
2009-03-18,9.323949813842773
2009-03-19,8.796022415161133
2009-03-20,8.34472370147705
2009-03-23,9.434649467468262
2009-03-24,9.255827903747559
2009-03-25,9.468708992004395
2009-03-26,9.792277336120605
2009-03-27,9.707125663757324
2009-03-30,9.383557319641113
2009-03-31,9.30692195892334
2009-04-01,9.562371253967285
2009-04-02,9.698614120483398
2009-04-03,9.826337814331055
2009-04-06,9.851882934570312
2009-04-07,9.170680046081543
2009-04-08,8.20848274230957
2009-04-09,8.608692169189453
2009-04-13,8.693841934204102
2009-04-14,8.67680835723877
2009-04-15,9.153650283813477
2009-04-16,9.52830982208252
2009-04-17,9.911490440368652
2009-04-20,9.077013969421387
2009-04-21,9.409098625183105
2009-04-22,9.392072677612305
2009-04-23,9.511280059814453
2009-04-24,10.209515571594238
2009-04-27,10.192483901977539
2009-04-28,9.792277336120605
2009-04-29,10.098819732666016
2009-04-30,9.800792694091797
2009-05-01,9.485738754272461
2009-05-04,10.354269027709961
2009-05-05,10.473479270935059
2009-05-06,9.630491256713867
2009-05-07,9.281376838684082
2009-05-08,9.766732215881348
2009-05-11,9.562371253967285
2009-05-12,9.119586944580078
2009-05-13,8.404330253601074
2009-05-14,8.302145004272461
2009-05-15,8.199970245361328
2009-05-18,8.770474433898926
2009-05-19,8.540567398071289
2009-05-20,8.106304168701172
2009-05-21,7.876398086547852
2009-05-22,7.970066547393799
2009-05-26,8.182936668395996
2009-05-27,8.004119873046875
2009-05-28,7.382525444030762
2009-05-29,7.493221282958984
2009-06-01,7.382525444030762
2009-06-02,7.637978553771973
2009-06-03,7.314404010772705
2009-06-04,7.271832466125488
2009-06-05,7.493221282958984
2009-06-08,7.70609712600708
2009-06-09,8.140361785888672
2009-06-10,8.01263427734375
2009-06-11,7.552827835083008
2009-06-12,7.510251998901367
2009-06-15,7.331432819366455
2009-06-16,7.391042232513428
2009-06-17,7.544309616088867
2009-06-18,7.297377109527588
2009-06-19,7.476189613342285
2009-06-22,7.467677593231201
2009-06-23,7.365495681762695
2009-06-24,7.212225437164307
2009-06-25,7.629461765289307
2009-06-26,7.459162712097168
2009-06-29,7.637978553771973
2009-06-30,7.518764495849609
2009-07-01,7.629461765289307
2009-07-02,7.254800796508789
2009-07-06,7.084499359130859
2009-07-07,6.88865327835083
2009-07-08,6.743899822235107
2009-07-09,7.007863521575928
2009-07-10,6.931230545043945
2009-07-13,6.931230545043945
2009-07-14,7.110043525695801
2009-07-15,7.391042232513428
2009-07-16,7.680552959442139
2009-07-17,7.782729148864746
2009-07-20,7.8423380851745605
2009-07-21,7.629461765289307
2009-07-22,7.978578567504883
2009-07-23,8.327692985534668
2009-07-24,8.302145004272461
2009-07-27,9.017410278320312
2009-07-28,9.179192543029785
2009-07-29,9.145133018493652
2009-07-30,9.409098625183105
2009-07-31,9.681583404541016
2009-08-03,10.01366901397705
2009-08-04,9.945545196533203
2009-08-05,10.158424377441406
2009-08-06,10.115846633911133
2009-08-07,10.76298999786377
2009-08-10,10.456445693969727
2009-08-11,10.490509986877441
2009-08-12,10.950322151184082
2009-08-13,10.848139762878418
2009-08-14,10.63526439666748
2009-08-17,10.490509986877441
2009-08-18,10.499024391174316
2009-08-19,10.44793701171875
2009-08-20,10.5501127243042
2009-08-21,10.788537979125977
2009-08-24,10.745964050292969
2009-08-25,11.120620727539062
2009-08-26,11.342011451721191
2009-08-27,11.180227279663086
2009-08-28,11.205770492553711
2009-08-31,10.882198333740234
2009-09-01,10.473479270935059
2009-09-02,10.149911880493164
2009-09-03,10.396842002868652
2009-09-04,10.507539749145508
2009-09-08,10.524567604064941
2009-09-09,10.54159927368164
2009-09-10,10.703383445739746
2009-09-11,10.473479270935059
2009-09-14,10.31169319152832
2009-09-15,10.60971736907959
2009-09-16,11.154681205749512
2009-09-17,10.839625358581543
2009-09-18,10.822595596313477
2009-09-21,10.686355590820312
2009-09-22,10.567143440246582
2009-09-23,10.12436294555664
2009-09-24,9.809308052062988
2009-09-25,9.519796371459961
2009-09-28,9.587916374206543
2009-09-29,9.681583404541016
2009-09-30,9.358010292053223
2009-10-01,9.042956352233887
2009-10-02,8.847112655639648
2009-10-05,8.855623245239258
2009-10-06,8.90671443939209
2009-10-07,8.56611442565918
2009-10-08,8.932258605957031
2009-10-09,8.974835395812988
2009-10-12,8.81304931640625
2009-10-13,9.017410278320312
2009-10-14,9.323949813842773
2009-10-15,9.230286598205566
2009-10-16,9.111076354980469
2009-10-19,9.034440040588379
2009-10-20,8.583145141601562
2009-10-21,8.34472370147705
2009-10-22,8.889684677124023
2009-10-23,8.583145141601562
2009-10-26,8.259572982788086
2009-10-27,8.157391548156738
2009-10-28,7.748671531677246
2009-10-29,7.944518089294434
2009-10-30,7.672037601470947
2009-11-02,7.672037601470947
2009-11-03,7.859367370605469
2009-11-04,8.13184928894043
2009-11-05,8.225513458251953
2009-11-06,8.216994285583496
2009-11-09,8.34472370147705
2009-11-10,8.055211067199707
2009-11-11,8.710870742797852
2009-11-12,8.327692985534668
2009-11-13,8.251056671142578
2009-11-16,8.361751556396484
2009-11-17,8.174426078796387
2009-11-18,8.549084663391113
2009-11-19,8.361751556396484
2009-11-20,8.055211067199707
2009-11-23,8.140361785888672
2009-11-24,7.918972015380859
2009-11-25,8.01263427734375
2009-11-27,7.7571868896484375
2009-11-30,7.782729148864746
2009-12-01,7.927488327026367
2009-12-02,7.927488327026367
2009-12-03,7.7231268882751465
2009-12-04,7.7231268882751465
2009-12-07,7.6975812911987305
2009-12-08,7.561341285705566
2009-12-09,7.6039137840271
2009-12-10,7.527281284332275
2009-12-11,7.518764495849609
2009-12-14,7.6039137840271
2009-12-15,7.569857120513916
2009-12-16,7.953035354614258
2009-12-17,7.850852966308594
2009-12-18,7.901944160461426
2009-12-21,8.02115535736084
2009-12-22,8.395811080932617
2009-12-23,8.56611442565918
2009-12-24,8.642748832702637
2009-12-28,8.404330253601074
2009-12-29,8.489476203918457
2009-12-30,8.557599067687988
2009-12-31,8.51502513885498
2010-01-04,8.719381332397461
2010-01-05,8.830081939697266
2010-01-06,8.830081939697266
2010-01-07,9.545344352722168
2010-01-08,9.392072677612305
2010-01-11,9.340983390808105
2010-01-12,9.281376838684082
2010-01-13,9.639009475708008
2010-01-14,9.562371253967285
2010-01-15,9.36652946472168
2010-01-19,9.358010292053223
2010-01-20,9.281376838684082
2010-01-21,8.957802772521973
2010-01-22,8.702353477478027
2010-01-25,8.710870742797852
2010-01-26,8.81304931640625
2010-01-27,8.796022415161133
2010-01-28,8.991866111755371
2010-01-29,8.957802772521973
2010-02-01,8.991866111755371
2010-02-02,9.664552688598633
2010-02-03,9.681583404541016
2010-02-04,9.298405647277832
2010-02-05,9.264347076416016
2010-02-08,9.477219581604004
2010-02-09,9.434649467468262
2010-02-10,9.562371253967285
2010-02-11,9.971095085144043
2010-02-12,9.996637344360352
2010-02-16,9.928520202636719
2010-02-17,9.885941505432129
2010-02-18,9.783760070800781
2010-02-19,9.732670783996582
2010-02-22,9.690098762512207
2010-02-23,9.340983390808105
2010-02-24,9.204737663269043
2010-02-25,9.111076354980469
2010-02-26,9.221772193908691
2010-03-01,9.298405647277832
2010-03-02,9.170680046081543
2010-03-03,9.30692195892334
2010-03-04,9.255827903747559
2010-03-05,9.562371253967285
2010-03-08,9.724159240722656
2010-03-09,9.783760070800781
2010-03-10,9.67306900024414
2010-03-11,9.715643882751465
2010-03-12,9.562371253967285
2010-03-15,9.451678276062012
2010-03-16,9.698614120483398
2010-03-17,9.766732215881348
2010-03-18,9.792277336120605
2010-03-19,9.536822319030762
2010-03-22,9.766732215881348
2010-03-23,9.766732215881348
2010-03-24,9.920003890991211
2010-03-25,9.885941505432129
2010-03-26,9.979608535766602
2010-03-29,9.894457817077637
2010-03-30,9.732670783996582
2010-03-31,9.579401016235352
2010-04-01,9.468708992004395
2010-04-05,9.741185188293457
2010-04-06,9.502768516540527
2010-04-07,9.264347076416016
2010-04-08,9.272860527038574
2010-04-09,9.511280059814453
2010-04-12,9.562371253967285
2010-04-13,9.392072677612305
2010-04-14,9.690098762512207
2010-04-15,9.596434593200684
2010-04-16,9.451678276062012
2010-04-19,9.460192680358887
2010-04-20,9.758218765258789
2010-04-21,10.022183418273926
2010-04-22,10.626749038696289
2010-04-23,11.231316566467285
2010-04-26,11.103592872619629
2010-04-27,10.754476547241211
2010-04-28,10.950322151184082
2010-04-29,11.333497047424316
2010-04-30,11.146164894104004
2010-05-03,11.401617050170898
2010-05-04,11.154681205749512
2010-05-05,10.720412254333496
2010-05-06,10.141393661499023
2010-05-07,9.519796371459961
2010-05-10,10.413875579833984
2010-05-11,10.337240219116211
2010-05-12,10.379815101623535
2010-05-13,10.064752578735352
2010-05-14,9.868915557861328
2010-05-17,9.920003890991211
2010-05-18,9.81782341003418
2010-05-19,9.604944229125977
2010-05-20,9.162166595458984
2010-05-21,9.230286598205566
2010-05-24,9.077013969421387
2010-05-25,9.247315406799316
2010-05-26,9.204737663269043
2010-05-27,9.502768516540527
2010-05-28,9.485738754272461
2010-06-01,8.90671443939209
2010-06-02,9.145133018493652
2010-06-03,8.778993606567383
2010-06-04,8.361751556396484
2010-06-07,8.004119873046875
2010-06-08,8.004119873046875
2010-06-09,7.808277130126953
2010-06-10,8.31917667388916
2010-06-11,8.13184928894043
2010-06-14,8.072243690490723
2010-06-15,8.455421447753906
2010-06-16,8.302145004272461
2010-06-17,8.097785949707031
2010-06-18,7.970066547393799
2010-06-21,7.7912492752075195
2010-06-22,7.544309616088867
2010-06-23,7.70609712600708
2010-06-24,7.672037601470947
2010-06-25,7.59540319442749
2010-06-28,7.493221282958984
2010-06-29,7.127074718475342
2010-06-30,7.050436973571777
2010-07-01,7.144107341766357
2010-07-02,6.948259353637695
2010-07-06,6.931230545043945
2010-07-07,7.237771034240723
2010-07-08,7.050436973571777
2010-07-09,7.3229217529296875
2010-07-12,7.212225437164307
2010-07-13,7.493221282958984
2010-07-14,7.271832466125488
2010-07-15,7.263315200805664
2010-07-16,6.854593753814697
2010-07-19,6.752414703369141
2010-07-20,7.067469596862793
2010-07-21,6.854593753814697
2010-07-22,7.101527690887451
2010-07-23,7.374009609222412
2010-07-26,7.7231268882751465
2010-07-27,7.612430572509766
2010-07-28,7.314404010772705
2010-07-29,7.493221282958984
2010-07-30,7.476189613342285
2010-08-02,7.6464924812316895
2010-08-03,7.178165912628174
2010-08-04,7.13559103012085
2010-08-05,7.288863182067871
2010-08-06,7.382525444030762
2010-08-09,7.535796165466309
2010-08-10,7.314404010772705
2010-08-11,7.007863521575928
2010-08-12,6.760928153991699
2010-08-13,6.897170066833496
2010-08-16,6.794988632202148
2010-08-17,7.050436973571777
2010-08-18,7.118556499481201
2010-08-19,6.9141998291015625
2010-08-20,6.8460798263549805
2010-08-23,6.752414703369141
2010-08-24,6.675778388977051
2010-08-25,6.880139350891113
2010-08-26,6.692808628082275
2010-08-27,6.956774711608887
2010-08-30,6.854593753814697
2010-08-31,6.8460798263549805
2010-09-01,7.161135673522949
2010-09-02,7.331432819366455
2010-09-03,7.484705448150635
2010-09-07,7.288863182067871
2010-09-08,7.3229217529296875
2010-09-09,7.348464488983154
2010-09-10,7.450647830963135
2010-09-13,7.510251998901367
2010-09-14,7.450647830963135
2010-09-15,7.297377109527588
2010-09-16,7.01638126373291
2010-09-17,7.024895668029785
2010-09-20,7.374009609222412
2010-09-21,7.254800796508789
2010-09-22,7.144107341766357
2010-09-23,6.965291500091553
2010-09-24,7.169649600982666
2010-09-27,7.425100326538086
2010-09-28,7.535796165466309
2010-09-29,7.442129135131836
2010-09-30,7.459162712097168
2010-10-01,7.433617115020752
2010-10-04,7.35698127746582
2010-10-05,7.3229217529296875
2010-10-06,7.22074031829834
2010-10-07,7.144107341766357
2010-10-08,7.007863521575928
2010-10-11,6.9738054275512695
2010-10-12,7.050436973571777
2010-10-13,6.965291500091553
2010-10-14,6.880139350891113
2010-10-15,6.786473751068115
2010-10-18,6.990835666656494
2010-10-19,7.01638126373291
2010-10-20,6.922715187072754
2010-10-21,6.88865327835083
2010-10-22,7.01638126373291
2010-10-25,6.905683517456055
2010-10-26,6.786473751068115
2010-10-27,6.760928153991699
2010-10-28,6.692808628082275
2010-10-29,6.6842942237854
2010-11-01,6.633203506469727
2010-11-02,6.87162446975708
2010-11-03,6.343693256378174
2010-11-04,6.599144458770752
2010-11-05,6.692808628082275
2010-11-08,6.769444942474365
2010-11-09,6.599144458770752
2010-11-10,6.726868152618408
2010-11-11,6.701324462890625
2010-11-12,6.37775182723999
2010-11-15,6.028636932373047
2010-11-16,5.866852760314941
2010-11-17,5.739126205444336
2010-11-18,5.713580131530762
2010-11-19,5.534766674041748
2010-11-22,5.534766674041748
2010-11-23,5.338919162750244
2010-11-24,5.46664571762085
2010-11-26,5.279314994812012
2010-11-29,5.3133745193481445
2010-11-30,5.330404281616211
2010-12-01,5.568826198577881
2010-12-02,5.747640132904053
2010-12-03,5.713580131530762
2010-12-06,5.688034534454346
2010-12-07,5.653975963592529
2010-12-08,5.824277400970459
2010-12-09,5.926456928253174
2010-12-10,5.977545738220215
2010-12-13,5.986061096191406
2010-12-14,5.807246685028076
2010-12-15,5.713580131530762
2010-12-16,5.858335971832275
2010-12-17,6.011607646942139
2010-12-20,6.190422534942627
2010-12-21,6.250027656555176
2010-12-22,6.5054779052734375
2010-12-23,6.284087657928467
2010-12-27,6.37775182723999
2010-12-28,6.275573253631592
2010-12-29,6.275573253631592
2010-12-30,6.335177421569824
2010-12-31,6.403298854827881
2011-01-03,6.624687671661377
2011-01-04,6.548054218292236
2011-01-05,6.794988632202148
2011-01-06,7.007863521575928
2011-01-07,7.331432819366455
2011-01-10,6.982320785522461
2011-01-11,7.050436973571777
2011-01-12,7.169649600982666
2011-01-13,7.110043525695801
2011-01-14,7.39955472946167
2011-01-18,7.280345916748047
2011-01-19,7.050436973571777
2011-01-20,7.13559103012085
2011-01-21,7.024895668029785
2011-01-24,7.178165912628174
2011-01-25,7.093013763427734
2011-01-26,7.178165912628174
2011-01-27,7.01638126373291
2011-01-28,6.880139350891113
2011-01-31,6.718355178833008
2011-02-01,6.897170066833496
2011-02-02,6.743899822235107
2011-02-03,6.420328140258789
2011-02-04,6.420328140258789
2011-02-07,6.4799323081970215
2011-02-08,6.624687671661377
2011-02-09,6.658750534057617
2011-02-10,6.513994216918945
2011-02-11,6.513994216918945
2011-02-14,6.36072301864624
2011-02-15,6.215967655181885
2011-02-16,6.369238376617432
2011-02-17,6.6076579093933105
2011-02-18,6.624687671661377
2011-02-22,6.130816459655762
2011-02-23,6.045666694641113
2011-02-24,5.934970855712891
2011-02-25,5.952001094818115
2011-02-28,5.8753662109375
2011-03-01,5.662490367889404
2011-03-02,5.78170108795166
2011-03-03,5.747640132904053
2011-03-04,5.653975963592529
2011-03-07,5.568826198577881
2011-03-08,6.037152290344238
2011-03-09,6.079728126525879
2011-03-10,6.037152290344238
2011-03-11,5.969030857086182
2011-03-14,5.892396450042725
2011-03-15,5.969030857086182
2011-03-16,5.866852760314941
2011-03-17,5.900912284851074
2011-03-18,6.062696933746338
2011-03-21,6.130816459655762
2011-03-22,6.079728126525879
2011-03-23,6.301117420196533
2011-03-24,6.318147659301758
2011-03-25,6.445873737335205
2011-03-28,6.5225090980529785
2011-03-29,6.513994216918945
2011-03-30,6.335177421569824
2011-03-31,6.301117420196533
2011-04-01,6.369238376617432
2011-04-04,6.241512775421143
2011-04-05,6.326662540435791
2011-04-06,6.462902069091797
2011-04-07,6.633203506469727
2011-04-08,6.658750534057617
2011-04-11,6.624687671661377
2011-04-12,6.556568145751953
2011-04-13,6.548054218292236
2011-04-14,6.5225090980529785
2011-04-15,6.658750534057617
2011-04-18,6.675778388977051
2011-04-19,7.01638126373291
2011-04-20,6.939744472503662
2011-04-21,6.624687671661377
2011-04-25,6.641718864440918
2011-04-26,6.633203506469727
2011-04-27,6.794988632202148
2011-04-28,7.01638126373291
2011-04-29,6.922715187072754
2011-05-02,6.777960300445557
2011-05-03,6.624687671661377
2011-05-04,6.812018394470215
2011-05-05,6.829049110412598
2011-05-06,6.777960300445557
2011-05-09,6.633203506469727
2011-05-10,6.616172790527344
2011-05-11,6.403298854827881
2011-05-12,6.5225090980529785
2011-05-13,6.4714179039001465
2011-05-16,6.4799323081970215
2011-05-17,6.4799323081970215
2011-05-18,6.445873737335205
2011-05-19,6.445873737335205
2011-05-20,6.582112789154053
2011-05-23,6.411812782287598
2011-05-24,6.36072301864624
2011-05-25,6.37775182723999
2011-05-26,6.692808628082275
2011-05-27,6.982320785522461
2011-05-31,7.186680316925049
2011-06-01,6.8460798263549805
2011-06-02,6.641718864440918
2011-06-03,6.658750534057617
2011-06-06,6.309633255004883
2011-06-07,6.1393327713012695
2011-06-08,5.934970855712891
2011-06-09,5.994577407836914
2011-06-10,5.900912284851074
2011-06-13,5.934970855712891
2011-06-14,6.164876937866211
2011-06-15,5.960516929626465
2011-06-16,6.054182529449463
2011-06-17,6.122302532196045
2011-06-20,6.207452297210693
2011-06-21,6.352207183837891
2011-06-22,6.37775182723999
2011-06-23,6.4543890953063965
2011-06-24,6.403298854827881
2011-06-27,6.539538860321045
2011-06-28,6.718355178833008
2011-06-29,6.4543890953063965
2011-06-30,6.5225090980529785
2011-07-01,6.658750534057617
2011-07-05,6.565083980560303
2011-07-06,6.4543890953063965
2011-07-07,6.675778388977051
2011-07-08,6.616172790527344
2011-07-11,6.309633255004883
2011-07-12,6.207452297210693
2011-07-13,6.164876937866211
2011-07-14,6.037152290344238
2011-07-15,6.037152290344238
2011-07-18,5.909425735473633
2011-07-19,6.11378812789917
2011-07-20,6.122302532196045
2011-07-21,6.309633255004883
2011-07-22,6.250027656555176
2011-07-25,6.207452297210693
2011-07-26,6.190422534942627
2011-07-27,5.960516929626465
2011-07-28,5.790215492248535
2011-07-29,5.849819660186768
2011-08-01,5.696551322937012
2011-08-02,5.321889877319336
2011-08-03,5.143075466156006
2011-08-04,4.717324733734131
2011-08-05,4.4959330558776855
2011-08-08,3.916912078857422
2011-08-09,3.976517677307129
2011-08-10,3.61037015914917
2011-08-11,3.780670642852783
2011-08-12,3.8487906455993652
2011-08-15,4.121273040771484
2011-08-16,4.112756729125977
2011-08-17,4.0020599365234375
2011-08-18,3.5422496795654297
2011-08-19,3.3293752670288086
2011-08-22,3.2016494274139404
2011-08-23,3.0739235877990723
2011-08-24,3.2016494274139404
2011-08-25,3.61037015914917
2011-08-26,3.8147308826446533
2011-08-29,3.9339399337768555
2011-08-30,4.21493673324585
2011-08-31,4.087213039398193
2011-09-01,3.916912078857422
2011-09-02,3.729581356048584
2011-09-06,3.584824800491333
2011-09-07,3.8998796939849854
2011-09-08,3.8147308826446533
2011-09-09,3.6614608764648438
2011-09-12,3.6274003982543945
2011-09-13,3.6614608764648438
2011-09-14,3.746610641479492
2011-09-15,3.8317599296569824
2011-09-16,3.797701597213745
2011-09-19,3.729581356048584
2011-09-20,3.8402764797210693
2011-09-21,3.721064567565918
2011-09-22,3.4570999145507812
2011-09-23,3.448585033416748
2011-09-26,3.4996750354766846
2011-09-27,3.5422496795654297
2011-09-28,3.3889801502227783
2011-09-29,3.5252184867858887
2011-09-30,3.363434076309204
2011-10-03,3.0143184661865234
2011-10-04,3.09946870803833
2011-10-05,3.3378891944885254
2011-10-06,3.4315545558929443
2011-10-07,3.414524555206299
2011-10-10,3.6018550395965576
2011-10-11,3.61037015914917
2011-10-12,3.7551259994506836
2011-10-13,3.712550163269043
2011-10-14,3.7721548080444336
2011-10-17,3.414524555206299
2011-10-18,3.797701597213745
2011-10-19,3.7721548080444336
2011-10-20,3.976517677307129
2011-10-21,4.172361850738525
2011-10-24,4.4363274574279785
2011-10-25,4.095726013183594
2011-10-26,4.197905540466309
2011-10-27,4.606627464294434
2011-10-28,4.68326473236084
2011-10-31,4.410782337188721
2011-11-01,4.25751256942749
2011-11-02,4.444842338562012
2011-11-03,4.708808898925781
2011-11-04,4.666234016418457
2011-11-07,4.887623310089111
2011-11-08,5.091982841491699
2011-11-09,4.717324733734131
2011-11-10,4.776928901672363
2011-11-11,4.904654026031494
2011-11-14,4.717324733734131
2011-11-15,4.708808898925781
2011-11-16,4.7598981857299805
2011-11-17,4.649202823638916
2011-11-18,4.657717227935791
2011-11-21,4.581083297729492
2011-11-22,4.615143299102783
2011-11-23,4.385237216949463
2011-11-25,4.444842338562012
2011-11-28,4.700294017791748
2011-11-29,4.819504737854004
2011-11-30,5.20267915725708
2011-12-01,5.1771345138549805
2011-12-02,5.245254993438721
2011-12-05,5.441099166870117
2011-12-06,5.517735481262207
2011-12-07,5.492188930511475
2011-12-08,5.1686201095581055
2011-12-09,5.381494998931885
2011-12-12,5.296344757080078
2011-12-13,5.074955940246582
2011-12-14,4.768411159515381
2011-12-15,4.887623310089111
2011-12-16,4.904654026031494
2011-12-19,4.7598981857299805
2011-12-20,5.253769874572754
2011-12-21,5.372982025146484
2011-12-22,5.279314994812012
2011-12-23,5.1771345138549805
2011-12-27,5.1515913009643555
2011-12-28,5.066438674926758
2011-12-29,5.372982025146484
2011-12-30,5.372982025146484
2012-01-03,5.5517964363098145
2012-01-04,5.568826198577881
2012-01-05,5.994577407836914
2012-01-06,6.045666694641113
2012-01-09,6.173390865325928
2012-01-10,6.250027656555176
2012-01-11,6.556568145751953
2012-01-12,6.548054218292236
2012-01-13,6.488447666168213
2012-01-17,6.38626766204834
2012-01-18,6.760928153991699
2012-01-19,6.880139350891113
2012-01-20,6.6076579093933105
2012-01-23,6.318147659301758
2012-01-24,6.6076579093933105
2012-01-25,6.80350399017334
2012-01-26,6.641718864440918
2012-01-27,6.633203506469727
2012-01-30,6.496965408325195
2012-01-31,6.343693256378174
2012-02-01,6.667264461517334
2012-02-02,6.599144458770752
2012-02-03,7.067469596862793
2012-02-06,7.03341007232666
2012-02-07,7.127074718475342
2012-02-08,7.365495681762695
2012-02-09,7.7231268882751465
2012-02-10,7.484705448150635
2012-02-13,7.7401580810546875
2012-02-14,7.731644630432129
2012-02-15,7.6890668869018555
2012-02-16,7.552827835083008
2012-02-17,7.586889266967773
2012-02-21,7.314404010772705
2012-02-22,7.093013763427734
2012-02-23,7.433617115020752
2012-02-24,7.229255676269531
2012-02-27,7.263315200805664
2012-02-28,7.067469596862793
2012-02-29,7.510251998901367
2012-03-01,7.314404010772705
2012-03-02,7.203710079193115
2012-03-05,7.178165912628174
2012-03-06,6.956774711608887
2012-03-07,7.237771034240723
2012-03-08,7.59540319442749
2012-03-09,7.680552959442139
2012-03-12,7.714612007141113
2012-03-13,8.072243690490723
2012-03-14,7.953035354614258
2012-03-15,8.182936668395996
2012-03-16,7.910456657409668
2012-03-19,7.799759387969971
2012-03-20,7.8423380851745605
2012-03-21,7.995608806610107
2012-03-22,7.765703201293945
2012-03-23,7.561341285705566
2012-03-26,7.484705448150635
2012-03-27,7.714612007141113
2012-03-28,8.072243690490723
2012-03-29,7.88491153717041
2012-03-30,7.535796165466309
2012-04-02,7.382525444030762
2012-04-03,7.35698127746582
2012-04-04,7.22074031829834
2012-04-05,7.03341007232666
2012-04-09,7.007863521575928
2012-04-10,6.548054218292236
2012-04-11,7.144107341766357
2012-04-12,7.374009609222412
2012-04-13,7.271832466125488
2012-04-16,7.178165912628174
2012-04-17,7.365495681762695
2012-04-18,7.127074718475342
2012-04-19,7.007863521575928
2012-04-20,7.127074718475342
2012-04-23,6.999350070953369
2012-04-24,7.3229217529296875
2012-04-25,7.408071517944336
2012-04-26,8.157391548156738
2012-04-27,8.574630737304688
2012-04-30,8.3787841796875
2012-05-01,8.540567398071289
2012-05-02,8.744927406311035
2012-05-03,8.56611442565918
2012-05-04,8.463932991027832
2012-05-07,8.51502513885498
2012-05-08,8.182936668395996
2012-05-09,8.395811080932617
2012-05-10,8.242546081542969
2012-05-11,8.3787841796875
2012-05-14,8.140361785888672
2012-05-15,8.28511905670166
2012-05-16,8.080757141113281
2012-05-17,7.391042232513428
2012-05-18,7.229255676269531
2012-05-21,7.544309616088867
2012-05-22,7.731644630432129
2012-05-23,7.918972015380859
2012-05-24,8.004119873046875
2012-05-25,7.944518089294434
2012-05-29,8.106304168701172
2012-05-30,7.825307369232178
2012-05-31,7.970066547393799
2012-06-01,7.03341007232666
2012-06-04,6.556568145751953
2012-06-05,6.948259353637695
2012-06-06,7.459162712097168
2012-06-07,7.561341285705566
2012-06-08,7.6464924812316895
2012-06-11,7.161135673522949
2012-06-12,7.305891036987305
2012-06-13,7.161135673522949
2012-06-14,7.535796165466309
2012-06-15,7.680552959442139
2012-06-18,7.944518089294434
2012-06-19,8.182936668395996
2012-06-20,8.114814758300781
2012-06-21,7.782729148864746
2012-06-22,7.995608806610107
2012-06-25,7.859367370605469
2012-06-26,8.276604652404785
2012-06-27,8.412847518920898
2012-06-28,8.497991561889648
2012-06-29,9.111076354980469
2012-07-02,9.289888381958008
2012-07-03,9.238802909851074
2012-07-05,9.477219581604004
2012-07-06,9.451678276062012
2012-07-09,9.44316291809082
2012-07-10,9.187707901000977
2012-07-11,8.974835395812988
2012-07-12,9.230286598205566
2012-07-13,9.36652946472168
2012-07-16,9.30692195892334
2012-07-17,9.511280059814453
2012-07-18,9.1962251663208
2012-07-19,8.915227890014648
2012-07-20,9.247315406799316
2012-07-23,9.375039100646973
2012-07-24,8.923745155334473
2012-07-25,8.532054901123047
2012-07-26,10.098819732666016
2012-07-27,10.226544380187988
2012-07-30,9.877429962158203
2012-07-31,9.621979713439941
2012-08-01,9.400588035583496
2012-08-02,9.851882934570312
2012-08-03,9.775246620178223
2012-08-06,9.783760070800781
2012-08-07,9.971095085144043
2012-08-08,10.294663429260254
2012-08-09,10.788537979125977
2012-08-10,10.626749038696289
2012-08-13,10.592689514160156
2012-08-14,10.814082145690918
2012-08-15,10.882198333740234
2012-08-16,11.58043098449707
2012-08-17,11.393102645874023
2012-08-20,11.078049659729004
2012-08-21,10.890715599060059
2012-08-22,11.3164644241333
2012-08-23,11.342011451721191
2012-08-24,11.503799438476562
2012-08-27,11.273894309997559
2012-08-28,11.307951927185059
2012-08-29,11.410136222839355
2012-08-30,11.36755657196045
2012-08-31,11.648554801940918
2012-09-04,11.708160400390625
2012-09-05,11.95509147644043
2012-09-06,12.440451622009277
2012-09-07,12.559659957885742
2012-09-10,12.35529899597168
2012-09-11,12.49153995513916
2012-09-12,13.240862846374512
2012-09-13,13.64106559753418
2012-09-14,14.06682014465332
2012-09-17,13.734737396240234
2012-09-18,13.419678688049316
2012-09-19,13.990185737609863
2012-09-20,14.237112998962402
2012-09-21,14.458511352539062
2012-09-24,14.2711820602417
2012-09-25,13.67512321472168
2012-09-26,13.02798843383789
2012-09-27,13.317501068115234
2012-09-28,13.198288917541504
2012-10-01,13.036502838134766
2012-10-02,13.249375343322754
2012-10-03,14.04979133605957
2012-10-04,14.109395027160645
2012-10-05,14.160484313964844
2012-10-08,13.70067310333252
2012-10-09,13.428193092346191
2012-10-10,13.530374526977539
2012-10-11,13.36007308959961
2012-10-12,13.291952133178711
2012-10-15,13.964641571044922
2012-10-16,14.100873947143555
2012-10-17,14.850200653076172
2012-10-18,15.029014587402344
2012-10-19,15.233376502990723
2012-10-22,15.148235321044922
2012-10-23,14.739508628845215
2012-10-24,14.858717918395996
2012-10-25,14.484058380126953
2012-10-26,14.71396255493164
2012-10-31,14.765050888061523
2012-11-01,15.139714241027832
2012-11-02,14.790596008300781
2012-11-05,15.19080638885498
2012-11-06,15.233376502990723
2012-11-07,15.122682571411133
2012-11-08,14.790596008300781
2012-11-09,14.305237770080566
2012-11-12,13.836912155151367
2012-11-13,13.768796920776367
2012-11-14,12.976895332336426
2012-11-15,12.976895332336426
2012-11-16,13.351556777954102
2012-11-19,13.53888988494873
2012-11-20,14.262663841247559
2012-11-21,14.330784797668457
2012-11-23,14.501084327697754
2012-11-26,14.543664932250977
2012-11-27,14.569208145141602
2012-11-28,14.475542068481445
2012-11-29,14.586235046386719
2012-11-30,14.31375789642334
2012-12-03,14.432967185974121
2012-12-04,14.552180290222168
2012-12-05,13.794340133666992
2012-12-06,13.86246109008789
2012-12-07,14.007211685180664
2012-12-10,13.964641571044922
2012-12-11,14.03276252746582
2012-12-12,14.569208145141602
2012-12-13,14.61178207397461
2012-12-14,14.594754219055176
2012-12-17,15.361105918884277
2012-12-18,15.846460342407227
2012-12-19,15.718734741210938
2012-12-20,15.744279861450195
2012-12-21,15.488837242126465
2012-12-24,15.454773902893066
2012-12-26,15.148235321044922
2012-12-27,15.122682571411133
2012-12-28,14.986442565917969
2012-12-31,15.463289260864258
2013-01-02,15.837944030761719
2013-01-03,15.812400817871094
2013-01-04,16.229629516601562
2013-01-07,16.442516326904297
2013-01-08,16.604290008544922
2013-01-09,16.595788955688477
2013-01-10,16.527667999267578
2013-01-11,16.468053817749023
2013-01-14,16.26369857788086
2013-01-15,16.578758239746094
2013-01-16,16.468053817749023
2013-01-17,17.345104217529297
2013-01-18,17.447282791137695
2013-01-22,17.49837303161621
2013-01-23,17.745309829711914
2013-01-24,17.864517211914062
2013-01-25,18.45206069946289
2013-01-28,17.847490310668945
2013-01-29,17.975221633911133
2013-01-30,17.924118041992188
2013-01-31,17.66016387939453
2013-02-01,17.328079223632812
2013-02-04,16.757568359375
2013-02-05,16.80866050720215
2013-02-06,16.76608657836914
2013-02-07,16.519145965576172
2013-02-08,16.578758239746094
2013-02-11,16.433988571166992
2013-02-12,17.302534103393555
2013-02-13,17.225893020629883
2013-02-14,17.25995445251465
2013-02-15,17.29401206970215
2013-02-19,16.987478256225586
2013-02-20,15.837944030761719
2013-02-21,15.965675354003906
2013-02-22,16.09339141845703
2013-02-25,15.344075202941895
2013-02-26,16.22111701965332
2013-02-27,16.433988571166992
2013-02-28,16.331815719604492
2013-03-01,16.39142417907715
2013-03-04,16.791622161865234
2013-03-05,17.217384338378906
2013-03-06,17.098169326782227
2013-03-07,17.19183349609375
2013-03-08,17.25143814086914
2013-03-11,17.157773971557617
2013-03-12,16.817169189453125
2013-03-13,16.919353485107422
2013-03-14,17.50689125061035
2013-03-15,17.668676376342773
2013-03-18,17.668676376342773
2013-03-19,17.728281021118164
2013-03-20,18.205129623413086
2013-03-21,17.85601234436035
2013-03-22,17.583520889282227
2013-03-25,17.328079223632812
2013-03-26,17.174795150756836
2013-03-27,17.302534103393555
2013-03-28,17.234413146972656
2013-04-01,17.13222885131836
2013-04-02,16.910842895507812
2013-04-03,16.18705940246582
2013-04-04,16.161514282226562
2013-04-05,16.289236068725586
2013-04-08,16.80014991760254
2013-04-09,16.561731338500977
2013-04-10,16.39142417907715
2013-04-11,16.451026916503906
2013-04-12,16.365873336791992
2013-04-15,15.19931697845459
2013-04-16,15.837944030761719
2013-04-17,15.548431396484375
2013-04-18,14.935355186462402
2013-04-19,15.31852912902832
2013-04-22,15.591012954711914
2013-04-23,16.519145965576172
2013-04-24,16.76608657836914
2013-04-25,17.70273208618164
2013-04-26,18.17957878112793
2013-04-29,18.06035804748535
2013-04-30,17.873035430908203
2013-05-01,17.796405792236328
2013-05-02,18.673442840576172
2013-05-03,19.005537033081055
2013-05-06,19.278018951416016
2013-05-07,19.473865509033203
2013-05-08,19.465341567993164
2013-05-09,19.45682144165039
2013-05-10,19.771883010864258
2013-05-13,19.916635513305664
2013-05-14,20.6489315032959
2013-05-15,20.419031143188477
2013-05-16,19.882577896118164
2013-05-17,20.393482208251953
2013-05-20,20.103971481323242
2013-05-21,19.627132415771484
2013-05-22,19.099201202392578
2013-05-23,19.184345245361328
2013-05-24,19.354650497436523
2013-05-28,19.405736923217773
2013-05-29,18.7756290435791
2013-05-30,18.826723098754883
2013-05-31,18.383939743041992
2013-06-03,18.154027938842773
2013-06-04,17.50689125061035
2013-06-05,17.166290283203125
2013-06-06,17.966699600219727
2013-06-07,17.932640075683594
2013-06-10,17.57501220703125
2013-06-11,17.12371253967285
2013-06-12,17.038564682006836
2013-06-13,17.830455780029297
2013-06-14,17.762340545654297
2013-06-17,18.239173889160156
2013-06-18,18.29878807067871
2013-06-19,17.67719268798828
2013-06-20,16.067848205566406
2013-06-21,16.01675796508789
2013-06-24,15.591012954711914
2013-06-25,16.195571899414062
2013-06-26,16.204090118408203
2013-06-27,16.502113342285156
2013-06-28,16.15300178527832
2013-07-01,16.2722110748291
2013-07-02,16.178546905517578
2013-07-03,16.3062744140625
2013-07-05,15.829424858093262
2013-07-08,15.378133773803711
2013-07-09,16.22111701965332
2013-07-10,16.195571899414062
2013-07-11,17.362133026123047
2013-07-12,17.217384338378906
2013-07-15,16.63835334777832
2013-07-16,16.41696548461914
2013-07-17,16.595788955688477
2013-07-18,16.2722110748291
2013-07-19,16.485092163085938
2013-07-22,16.297752380371094
2013-07-23,16.468053817749023
2013-07-24,15.710223197937012
2013-07-25,14.092365264892578
2013-07-26,13.930583000183105
2013-07-29,13.956122398376465
2013-07-30,13.77730655670166
2013-07-31,14.160484313964844
2013-08-01,14.28005313873291
2013-08-02,14.70709228515625
2013-08-05,14.399624824523926
2013-08-06,13.827401161193848
2013-08-07,13.477226257324219
2013-08-08,13.46014404296875
2013-08-09,13.383280754089355
2013-08-12,13.434525489807129
2013-08-13,13.127060890197754
2013-08-14,12.90500259399414
2013-08-15,13.588255882263184
2013-08-16,13.904264450073242
2013-08-19,13.366204261779785
2013-08-20,13.827401161193848
2013-08-21,13.750530242919922
2013-08-22,13.938426971435547
2013-08-23,13.716365814208984
2013-08-26,13.793235778808594
2013-08-27,13.314956665039062
2013-08-28,13.13559627532959
2013-08-29,13.545552253723145
2013-08-30,13.144145965576172
2013-09-03,13.144145965576172
2013-09-04,13.084359169006348
2013-09-05,13.024572372436523
2013-09-06,13.212468147277832
2013-09-09,14.2031888961792
2013-09-10,13.91280746459961
2013-09-11,14.16903018951416
2013-09-12,14.11778450012207
2013-09-13,14.10923957824707
2013-09-16,14.638766288757324
2013-09-17,14.519193649291992
2013-09-18,15.313481330871582
2013-09-19,15.048718452453613
2013-09-20,14.663294792175293
2013-09-23,14.346385955810547
2013-09-24,14.646161079406738
2013-09-25,14.714679718017578
2013-09-26,14.543380737304688
2013-09-27,14.192219734191895
2013-09-30,14.1322603225708
2013-10-01,14.277864456176758
2013-10-02,14.483424186706543
2013-10-03,14.1322603225708
2013-10-04,13.875312805175781
2013-10-07,13.72114086151123
2013-10-08,13.3528470993042
2013-10-09,13.344281196594238
2013-10-10,13.584101676940918
2013-10-11,13.798225402832031
2013-10-14,13.695444107055664
2013-10-15,13.310022354125977
2013-10-16,13.72114086151123
2013-10-17,14.269298553466797
2013-10-18,14.20078182220459
2013-10-21,14.029483795166016
2013-10-22,14.157959938049316
2013-10-23,14.286430358886719
2013-10-24,15.288537979125977
2013-10-25,15.45128059387207
2013-10-28,15.434144020080566
2013-10-29,15.596875190734863
2013-10-30,15.417014122009277
2013-10-31,15.117242813110352
2013-11-01,15.031586647033691
2013-11-04,15.271408081054688
2013-11-05,15.01445484161377
2013-11-06,15.220019340515137
2013-11-07,14.99732780456543
2013-11-08,14.432034492492676
2013-11-11,14.312127113342285
2013-11-12,14.354954719543457
2013-11-13,14.586211204528809
2013-11-14,15.297106742858887
2013-11-15,15.502667427062988
2013-11-18,15.656828880310059
2013-11-19,15.596875190734863
2013-11-20,15.519787788391113
2013-11-21,15.7424898147583
2013-11-22,15.605443954467773
2013-11-25,15.545489311218262
2013-11-26,16.230695724487305
2013-11-27,16.145036697387695
2013-11-29,16.067947387695312
2013-12-02,15.845268249511719
2013-12-03,15.785310745239258
2013-12-04,15.71678638458252
2013-12-05,15.408446311950684
2013-12-06,15.571183204650879
2013-12-09,15.699661254882812
2013-12-10,15.785310745239258
2013-12-11,15.476968765258789
2013-12-12,15.468404769897461
2013-12-13,15.442705154418945
2013-12-16,15.511225700378418
2013-12-17,15.476873397827148
2013-12-18,15.811841011047363
2013-12-19,15.67441463470459
2013-12-20,15.992194175720215
2013-12-23,16.92837142944336
2013-12-24,16.945545196533203
2013-12-26,17.160266876220703
2013-12-27,17.23755645751953
2013-12-30,17.289087295532227
2013-12-31,17.495220184326172
2014-01-02,17.24615478515625
2014-01-03,17.211795806884766
2014-01-06,17.040019989013672
2014-01-07,16.7823543548584
2014-01-08,16.988481521606445
2014-01-09,16.9970760345459
2014-01-10,17.314861297607422
2014-01-13,16.6621150970459
2014-01-14,16.765182495117188
2014-01-15,16.722240447998047
2014-01-16,16.91119384765625
2014-01-17,16.627758026123047
2014-01-21,16.49034309387207
2014-01-22,16.85965919494629
2014-01-23,16.876840591430664
2014-01-24,16.181148529052734
2014-01-27,16.06949234008789
2014-01-28,16.705066680908203
2014-01-29,16.68788719177246
2014-01-30,16.979896545410156
2014-01-31,17.45227813720703
2014-02-03,16.91119384765625
2014-02-04,17.065786361694336
2014-02-05,16.739408493041992
2014-02-06,17.289087295532227
2014-02-07,17.005664825439453
2014-02-10,16.619173049926758
2014-02-11,16.894006729125977
2014-02-12,16.833892822265625
2014-02-13,17.022844314575195
2014-02-14,17.194622039794922
2014-02-18,16.9970760345459
2014-02-19,16.885427474975586
2014-02-20,17.194622039794922
2014-02-21,17.495220184326172
2014-02-24,17.538166046142578
2014-02-25,17.761470794677734
2014-02-26,18.25102996826172
2014-02-27,18.285381317138672
2014-02-28,18.027721405029297
2014-03-03,17.873125076293945
2014-03-04,17.959014892578125
2014-03-05,17.727123260498047
2014-03-06,17.675582885742188
2014-03-07,17.48617172241211
2014-03-10,17.219274520874023
2014-03-11,17.15900993347168
2014-03-12,16.93515396118164
2014-03-13,16.51328468322754
2014-03-14,16.487451553344727
2014-03-17,16.5477237701416
2014-03-18,16.77157211303711
2014-03-19,16.883499145507812
2014-03-20,16.702699661254883
2014-03-21,16.453018188476562
2014-03-24,16.220561981201172
2014-03-25,16.18612289428711
2014-03-26,15.988099098205566
2014-03-27,16.082809448242188
2014-03-28,16.366918563842773
2014-03-31,16.52189826965332
2014-04-01,16.90072250366211
2014-04-02,16.952377319335938
2014-04-03,16.9695987701416
2014-04-04,16.78017807006836
2014-04-07,16.384138107299805
2014-04-08,16.46162223815918
2014-04-09,16.487451553344727
2014-04-10,16.30664825439453
2014-04-11,16.108631134033203
2014-04-14,16.15167808532715
2014-04-15,16.091415405273438
2014-04-16,16.272212982177734
2014-04-17,16.108631134033203
2014-04-21,16.11724090576172
2014-04-22,16.074186325073242
2014-04-23,15.988099098205566
2014-04-24,16.34970474243164
2014-04-25,15.876172065734863
2014-04-28,15.712583541870117
2014-04-29,15.772856712341309
2014-04-30,15.833123207092285
2014-05-01,15.95366382598877
2014-05-02,16.108631134033203
2014-05-05,15.936437606811523
2014-05-06,15.729812622070312
2014-05-07,15.669540405273438
2014-05-08,15.63510799407959
2014-05-09,15.772856712341309
2014-05-12,16.220561981201172
2014-05-13,16.44440269470215
2014-05-14,16.11724090576172
2014-05-15,16.203330993652344
2014-05-16,16.220561981201172
2014-05-19,16.15167808532715
2014-05-20,16.01392364501953
2014-05-21,16.19472885131836
2014-05-22,16.5477237701416
2014-05-23,16.960988998413086
2014-05-27,17.04708480834961
2014-05-28,17.01263999938965
2014-05-29,16.995418548583984
2014-05-30,16.840450286865234
2014-06-02,16.917945861816406
2014-06-03,16.952377319335938
2014-06-04,16.883499145507812
2014-06-05,17.11595916748047
2014-06-06,17.331199645996094
2014-06-09,17.41728973388672
2014-06-10,17.331199645996094
2014-06-11,16.90072250366211
2014-06-12,16.8576717376709
2014-06-13,16.71991539001465
2014-06-16,16.831844329833984
2014-06-17,16.9354248046875
2014-06-18,16.849103927612305
2014-06-19,16.97858428955078
2014-06-20,16.961320877075195
2014-06-23,17.17710304260254
2014-06-24,17.228899002075195
2014-06-25,17.246170043945312
2014-06-26,17.133956909179688
2014-06-27,17.332477569580078
2014-06-30,17.401540756225586
2014-07-01,17.69501304626465
2014-07-02,17.531002044677734
2014-07-03,17.54827308654785
2014-07-07,17.263425827026367
2014-07-08,17.254793167114258
2014-07-09,17.28931999206543
2014-07-10,17.133956909179688
2014-07-11,17.039003372192383
2014-07-14,16.94405174255371
2014-07-15,16.98720932006836
2014-07-16,17.228899002075195
2014-07-17,16.82320213317871
2014-07-18,16.82320213317871
2014-07-21,16.59878158569336
2014-07-22,16.788686752319336
2014-07-23,17.12531852722168
2014-07-24,16.607418060302734
2014-07-25,16.167194366455078
2014-07-28,16.011823654174805
2014-07-29,15.873722076416016
2014-07-30,15.657926559448242
2014-07-31,15.234977722167969
2014-08-01,15.226340293884277
2014-08-04,15.338556289672852
2014-08-05,15.200444221496582
2014-08-06,15.191817283630371
2014-08-07,15.140024185180664
2014-08-08,15.597502708435059
2014-08-11,15.554346084594727
2014-08-12,15.416239738464355
2014-08-13,15.528449058532715
2014-08-14,15.839189529418945
2014-08-15,15.770145416259766
2014-08-18,16.210357666015625
2014-08-19,16.45203971862793
2014-08-20,16.50383758544922
2014-08-21,16.50383758544922
2014-08-22,16.47793960571289
2014-08-25,16.46068000793457
2014-08-26,16.47793960571289
2014-08-27,16.538362503051758
2014-08-28,16.47793960571289
2014-08-29,16.59015464782715
2014-09-02,16.313936233520508
2014-09-03,15.692461967468262
2014-09-04,16.00319480895996
2014-09-05,15.994565963745117
2014-09-08,16.054983139038086
2014-09-09,16.141305923461914
2014-09-10,16.45203971862793
2014-09-11,16.46068000793457
2014-09-12,16.210357666015625
2014-09-15,16.34845733642578
2014-09-16,16.33983612060547
2014-09-17,16.74552345275879
2014-09-18,16.511863708496094
2014-09-19,16.286855697631836
2014-09-22,15.862815856933594
2014-09-23,15.932051658630371
2014-09-24,15.862815856933594
2014-09-25,15.603196144104004
2014-09-26,15.482035636901855
2014-09-29,15.352224349975586
2014-09-30,15.282992362976074
2014-10-01,15.222418785095215
2014-10-02,15.386842727661133
2014-10-03,15.542610168457031
2014-10-06,15.741666793823242
2014-10-07,15.681072235107422
2014-10-08,15.845505714416504
2014-10-09,15.490684509277344
2014-10-10,14.746438026428223
2014-10-13,14.417591094970703
2014-10-14,14.703179359436035
2014-10-15,15.222418785095215
2014-10-16,15.049342155456543
2014-10-17,15.776268005371094
2014-10-20,16.27821159362793
2014-10-21,16.563791275024414
2014-10-22,16.598405838012695
2014-10-23,16.883991241455078
2014-10-24,16.90994644165039
2014-10-27,16.762828826904297
2014-10-28,16.745519638061523
2014-10-29,16.61571502685547
2014-10-30,16.529172897338867
2014-10-31,16.607057571411133
2014-11-03,16.78879737854004
2014-11-04,16.529172897338867
2014-11-05,16.61571502685547
2014-11-06,16.961870193481445
2014-11-07,17.27342414855957
2014-11-10,17.576303482055664
2014-11-11,18.14747428894043
2014-11-12,17.90515899658203
2014-11-13,18.009004592895508
2014-11-14,18.104202270507812
2014-11-17,18.14747428894043
2014-11-18,18.43305206298828
2014-11-19,18.13016700744629
2014-11-20,18.4849796295166
2014-11-21,18.753253936767578
2014-11-24,18.675371170043945
2014-11-25,18.571517944335938
2014-11-26,18.606136322021484
2014-11-28,18.71864128112793
2014-12-01,18.761913299560547
2014-12-02,18.753253936767578
2014-12-03,18.580169677734375
2014-12-04,18.79652976989746
2014-12-05,18.640750885009766
2014-12-08,18.39844512939453
2014-12-09,18.363832473754883
2014-12-10,17.71477699279785
2014-12-11,17.81903076171875
2014-12-12,17.541017532348633
2014-12-15,17.332504272460938
2014-12-16,17.19348907470703
2014-12-17,17.78428077697754
2014-12-18,18.183929443359375
2014-12-19,18.15785789489746
2014-12-22,18.1491756439209
2014-12-23,18.192611694335938
2014-12-24,18.209983825683594
2014-12-26,18.244739532470703
2014-12-29,18.366378784179688
2014-12-30,18.51406478881836
2014-12-31,18.644384384155273
2015-01-02,18.470630645751953
2015-01-05,18.201297760009766
2015-01-06,17.98409652709961
2015-01-07,18.870277404785156
2015-01-08,19.45236587524414
2015-01-09,19.669567108154297
2015-01-12,19.7130069732666
2015-01-13,19.226478576660156
2015-01-14,19.313356399536133
2015-01-15,18.27080535888672
2015-01-16,18.739953994750977
2015-01-20,18.07097625732422
2015-01-21,18.253433227539062
2015-01-22,18.183929443359375
2015-01-23,17.97541046142578
2015-01-26,18.427181243896484
2015-01-27,18.209983825683594
2015-01-28,17.879840850830078
2015-01-29,18.957155227661133
2015-01-30,17.888532638549805
2015-02-02,17.86246681213379
2015-02-03,18.32292938232422
2015-02-04,18.7573299407959
2015-02-05,18.661760330200195
2015-02-06,19.33942222595215
2015-02-09,19.39154815673828
2015-02-10,19.782508850097656
2015-02-11,19.469741821289062
2015-02-12,19.8693904876709
2015-02-13,19.886762619018555
2015-02-17,19.912830352783203
2015-02-18,19.73038101196289
2015-02-19,19.73038101196289
2015-02-20,19.765132904052734
2015-02-23,19.617435455322266
2015-02-24,20.190839767456055
2015-02-25,19.921520233154297
2015-02-26,19.686946868896484
2015-02-27,19.600055694580078
2015-03-02,19.48712158203125
2015-03-03,18.92240333557129
2015-03-04,19.243860244750977
2015-03-05,19.322050094604492
2015-03-06,18.435882568359375
2015-03-09,18.54882049560547
2015-03-10,18.34824562072754
2015-03-11,18.461610794067383
2015-03-12,18.557540893554688
2015-03-13,18.356958389282227
2015-03-16,18.37440299987793
2015-03-17,18.269756317138672
2015-03-18,18.583698272705078
2015-03-19,18.636028289794922
2015-03-20,18.984848022460938
2015-03-23,18.784273147583008
2015-03-24,19.133100509643555
2015-03-25,18.83660316467285
2015-03-26,18.76683807373047
2015-03-27,19.202861785888672
2015-03-30,19.569129943847656
2015-03-31,19.385995864868164
2015-04-01,19.43832778930664
2015-04-02,19.79587745666504
2015-04-06,19.76970672607422
2015-04-07,19.333675384521484
2015-04-08,19.595298767089844
2015-04-09,19.455760955810547
2015-04-10,19.4644832611084
2015-04-13,19.385995864868164
2015-04-14,19.65634536743164
2015-04-15,19.865633010864258
2015-04-16,19.481924057006836
2015-04-17,19.351110458374023
2015-04-20,19.098222732543945
2015-04-21,19.368558883666992
2015-04-22,18.915081024169922
2015-04-23,17.415130615234375
2015-04-24,17.545942306518555
2015-04-27,17.32792854309082
2015-04-28,17.388967514038086
2015-04-29,17.319210052490234
2015-04-30,16.83085060119629
2015-05-01,17.10991668701172
2015-05-04,16.996536254882812
2015-05-05,16.970380783081055
2015-05-06,16.926776885986328
2015-05-07,17.179677963256836
2015-05-08,17.258155822753906
2015-05-11,17.022705078125
2015-05-12,17.03142738342285
2015-05-13,16.94422149658203
2015-05-14,17.075029373168945
2015-05-15,17.345373153686523
2015-05-18,17.354087829589844
2015-05-19,17.484895706176758
2015-05-20,17.545942306518555
2015-05-21,17.44129753112793
2015-05-22,17.23200035095215
2015-05-26,16.996536254882812
2015-05-27,16.90061378479004
2015-05-28,16.94422149658203
2015-05-29,16.72620391845703
2015-06-01,16.80469512939453
2015-06-02,16.752363204956055
2015-06-03,16.86573600769043
2015-06-04,16.604106903076172
2015-06-05,16.638996124267578
2015-06-08,16.473304748535156
2015-06-09,16.508333206176758
2015-06-10,16.727277755737305
2015-06-11,16.841123580932617
2015-06-12,16.87615966796875
2015-06-15,16.97249412536621
2015-06-16,16.97249412536621
2015-06-17,17.051319122314453
2015-06-18,17.130128860473633
2015-06-19,17.5067138671875
2015-06-22,17.73441505432129
2015-06-23,17.78696060180664
2015-06-24,17.988388061523438
2015-06-25,17.883302688598633
2015-06-26,17.93583869934082
2015-06-29,17.58553695678711
2015-06-30,17.646839141845703
2015-07-01,17.89205551147461
2015-07-02,17.99714469909668
2015-07-06,18.014663696289062
2015-07-07,18.312427520751953
2015-07-08,17.90957260131836
2015-07-09,17.79572296142578
2015-07-10,18.119760513305664
2015-07-13,18.17229652404785
2015-07-14,18.294910430908203
2015-07-15,17.944604873657227
2015-07-16,17.944604873657227
2015-07-17,17.594295501708984
2015-07-20,17.279016494750977
2015-07-21,17.2352294921875
2015-07-22,17.65559959411621
2015-07-23,17.673110961914062
2015-07-24,17.068824768066406
2015-07-27,17.077587127685547
2015-07-28,17.243988037109375
2015-07-29,17.611804962158203
2015-07-30,17.865779876708984
2015-07-31,18.146028518676758
2015-08-03,18.13727378845215
2015-08-04,17.80447769165039
2015-08-05,17.48044204711914
2015-08-06,17.322797775268555
2015-08-07,17.287769317626953
2015-08-10,17.620567321777344
2015-08-11,17.99714469909668
2015-08-12,18.268640518188477
2015-08-13,18.689008712768555
2015-08-14,18.531368255615234
2015-08-17,18.715288162231445
2015-08-18,19.179447174072266
2015-08-19,19.284530639648438
2015-08-20,18.837888717651367
2015-08-21,18.3299503326416
2015-08-24,17.182682037353516
2015-08-25,16.56087875366211
2015-08-26,17.357837677001953
2015-08-27,17.91832733154297
2015-08-28,17.900815963745117
2015-08-31,18.119760513305664
2015-09-01,17.42789649963379
2015-09-02,17.82199478149414
2015-09-03,18.17229652404785
2015-09-04,17.725656509399414
2015-09-08,18.23360824584961
2015-09-09,18.040945053100586
2015-09-10,17.953359603881836
2015-09-11,18.34745979309082
2015-09-14,18.207332611083984
2015-09-15,18.146028518676758
2015-09-16,18.224851608276367
2015-09-17,18.41752815246582
2015-09-18,18.039499282836914
2015-09-21,17.793344497680664
2015-09-22,17.27467155456543
2015-09-23,17.17796516418457
2015-09-24,17.42411994934082
2015-09-25,17.547189712524414
2015-09-28,16.729610443115234
2015-09-29,16.457090377807617
2015-09-30,16.58894920349121
2015-10-01,16.808738708496094
2015-10-02,16.826309204101562
2015-10-05,17.564781188964844
2015-10-06,17.24829864501953
2015-10-07,17.582355499267578
2015-10-08,17.766971588134766
2015-10-09,17.687850952148438
2015-10-12,17.670265197753906
2015-10-13,17.142799377441406
2015-10-14,16.606534957885742
2015-10-15,16.79115104675293
2015-10-16,16.78236198425293
2015-10-19,16.808738708496094
2015-10-20,17.072467803955078
2015-10-21,17.098840713500977
2015-10-22,15.96478271484375
2015-10-23,16.12302589416504
2015-10-26,15.982365608215332
2015-10-27,15.859292984008789
2015-10-28,16.1933536529541
2015-10-29,15.788951873779297
2015-10-30,16.114238739013672
2015-11-02,16.166982650756836
2015-11-03,16.228511810302734
2015-11-04,16.12302589416504
2015-11-05,15.955989837646484
2015-11-06,15.745004653930664
2015-11-09,15.437307357788086
2015-11-10,15.991161346435547
2015-11-11,16.2021484375
2015-11-12,15.753795623779297
2015-11-13,15.569180488586426
2015-11-16,16.21092987060547
2015-11-17,16.18456268310547
2015-11-18,16.676862716674805
2015-11-19,16.773569107055664
2015-11-20,16.879066467285156
2015-11-23,16.92302131652832
2015-11-24,17.151596069335938
2015-11-25,17.36258316040039
2015-11-27,17.283451080322266
2015-11-30,17.125215530395508
2015-12-01,17.27467155456543
2015-12-02,16.773569107055664
2015-12-03,16.606534957885742
2015-12-04,17.072467803955078
2015-12-07,17.03730010986328
2015-12-08,16.509838104248047
2015-12-09,15.841705322265625
2015-12-10,15.96478271484375
2015-12-11,15.584877967834473
2015-12-14,15.178470611572266
2015-12-15,15.364006996154785
2015-12-16,15.920604705810547
2015-12-17,15.682066917419434
2015-12-18,15.310992240905762
2015-12-21,15.699731826782227
2015-12-22,15.726236343383789
2015-12-23,16.017786026000977
2015-12-24,16.097301483154297
2015-12-28,15.991296768188477
2015-12-29,16.04429817199707
2015-12-30,15.885259628295898
2015-12-31,15.743913650512695
2016-01-04,15.160798072814941
2016-01-05,15.302157402038574
2016-01-06,14.96643352508545
2016-01-07,14.330312728881836
2016-01-08,14.047593116760254
2016-01-11,14.277305603027344
2016-01-12,14.339149475097656
2016-01-13,14.40099048614502
2016-01-14,14.197793006896973
2016-01-15,14.08293628692627
2016-01-19,13.844391822814941
2016-01-20,13.7560396194458
2016-01-21,14.135941505432129
2016-01-22,14.66604232788086
2016-01-25,14.056427001953125
2016-01-26,14.427497863769531
2016-01-27,14.206624984741211
2016-01-28,14.480509757995605
2016-01-29,14.807401657104492
2016-02-01,14.586529731750488
2016-02-02,14.294973373413086
2016-02-03,14.471671104431152
2016-02-04,14.60420036315918
2016-02-05,14.339149475097656
2016-02-08,13.950410842895508
2016-02-09,14.135941505432129
2016-02-10,14.445168495178223
2016-02-11,13.570508003234863
2016-02-12,14.144779205322266
2016-02-16,14.727882385253906
2016-02-17,14.674880981445312
2016-02-18,14.674880981445312
2016-02-19,14.613036155700684
2016-02-22,15.196139335632324
2016-02-23,15.151961326599121
2016-02-24,15.107795715332031
2016-02-25,15.319830894470215
2016-02-26,15.364006996154785
2016-02-29,15.187305450439453
2016-03-01,15.478858947753906
2016-03-02,15.788084030151367
2016-03-03,16.04429817199707
2016-03-04,15.841092109680176
2016-03-07,15.841092109680176
2016-03-08,15.805572509765625
2016-03-09,16.018680572509766
2016-03-10,15.947644233703613
2016-03-11,16.338350296020508
2016-03-14,16.285066604614258
2016-03-15,16.214033126831055
2016-03-16,16.169631958007812
2016-03-17,16.31170654296875
2016-03-18,16.56033706665039
2016-03-21,16.249555587768555
2016-03-22,16.231792449951172
2016-03-23,15.965398788452148
2016-03-24,15.903249740600586
2016-03-28,16.0897216796875
2016-03-29,16.436019897460938
2016-03-30,16.347227096557617
2016-03-31,16.61360740661621
2016-04-01,16.356107711791992
2016-04-04,15.281682014465332
2016-04-05,15.5924654006958
2016-04-06,15.965398788452148
2016-04-07,15.734537124633789
2016-04-08,15.805572509765625
2016-04-11,15.610222816467285
2016-04-12,15.83221435546875
2016-04-13,16.231792449951172
2016-04-14,16.276193618774414
2016-04-15,16.56033706665039
2016-04-18,16.436019897460938
2016-04-19,16.569211959838867
2016-04-20,17.030948638916016
2016-04-21,16.986553192138672
2016-04-22,16.91551399230957
2016-04-25,16.702407836914062
2016-04-26,16.853355407714844
2016-04-27,17.030948638916016
2016-04-28,16.444896697998047
2016-04-29,16.329471588134766
2016-05-02,16.373868942260742
2016-05-03,16.160755157470703
2016-05-04,16.249555587768555
2016-05-05,16.151884078979492
2016-05-06,16.187395095825195
2016-05-09,16.231792449951172
2016-05-10,16.196269989013672
2016-05-11,16.116357803344727
2016-05-12,16.151884078979492
2016-05-13,15.965398788452148
2016-05-16,16.169631958007812
2016-05-17,16.13411521911621
2016-05-18,16.009801864624023
2016-05-19,15.796699523925781
2016-05-20,16.03644371032715
2016-05-23,15.823339462280273
2016-05-24,16.631366729736328
2016-05-25,16.6047306060791
2016-05-26,16.74679946899414
2016-05-27,16.74679946899414
2016-05-31,16.65801239013672
2016-06-01,16.755687713623047
2016-06-02,16.773441314697266
2016-06-03,16.684642791748047
2016-06-06,16.6047306060791
2016-06-07,17.282835006713867
2016-06-08,17.577281951904297
2016-06-09,17.470212936401367
2016-06-10,17.14900016784668
2016-06-13,16.801027297973633
2016-06-14,16.58688735961914
2016-06-15,16.702880859375
2016-06-16,16.658262252807617
2016-06-17,16.9973201751709
2016-06-20,17.033010482788086
2016-06-21,17.04193687438965
2016-06-22,16.836719512939453
2016-06-23,17.095468521118164
2016-06-24,16.417362213134766
2016-06-27,16.069381713867188
2016-06-28,16.560121536254883
2016-06-29,16.952707290649414
2016-06-30,17.389909744262695
2016-07-01,17.3809871673584
2016-07-05,17.193618774414062
2016-07-06,17.541593551635742
2016-07-07,17.818193435668945
2016-07-08,18.273237228393555
2016-07-11,18.210783004760742
2016-07-12,18.28215980529785
2016-07-13,18.228618621826172
2016-07-14,18.175090789794922
2016-07-15,18.175090789794922
2016-07-18,18.255388259887695
2016-07-19,18.175090789794922
2016-07-20,18.219703674316406
2016-07-21,19.19224739074707
2016-07-22,19.495615005493164
2016-07-25,19.57592010498047
2016-07-26,19.718677520751953
2016-07-27,19.727598190307617
2016-07-28,19.37962532043457
2016-07-29,18.89781379699707
2016-08-01,19.12980079650879
2016-08-02,18.69259262084961
2016-08-03,18.746124267578125
2016-08-04,18.77289390563965
2016-08-05,19.21902084350586
2016-08-08,18.969192504882812
2016-08-09,18.995960235595703
2016-08-10,18.933504104614258
2016-08-11,19.085182189941406
2016-08-12,18.871036529541016
2016-08-15,19.111949920654297
2016-08-16,19.058420181274414
2016-08-17,18.799659729003906
2016-08-18,18.86212158203125
2016-08-19,18.9067325592041
2016-08-22,19.022722244262695
2016-08-23,19.566997528076172
2016-08-24,19.24578857421875
2016-08-25,19.24578857421875
2016-08-26,18.9067325592041
2016-08-29,18.89781379699707
2016-08-30,19.058420181274414
2016-08-31,19.067340850830078
2016-09-01,18.82642364501953
2016-09-02,18.630136489868164
2016-09-06,18.59444808959961
2016-09-07,18.8085880279541
2016-09-08,18.630136489868164
2016-09-09,17.88064956665039
2016-09-12,18.032329559326172
2016-09-13,17.693279266357422
2016-09-14,17.737882614135742
2016-09-15,17.836029052734375
2016-09-16,17.540260314941406
2016-09-19,17.809146881103516
2016-09-20,17.289302825927734
2016-09-21,17.396854400634766
2016-09-22,17.800186157226562
2016-09-23,17.755373001098633
2016-09-26,17.71952247619629
2016-09-27,17.827072143554688
2016-09-28,18.051137924194336
2016-09-29,17.755373001098633
2016-09-30,17.96151351928711
2016-10-03,17.96151351928711
2016-10-04,18.006324768066406
2016-10-05,18.328990936279297
2016-10-06,18.23040008544922
2016-10-07,17.871883392333984
2016-10-10,17.862918853759766
2016-10-11,17.63884925842285
2016-10-12,17.70159149169922
2016-10-13,17.387897491455078
2016-10-14,17.4147891998291
2016-10-17,17.387897491455078
2016-10-18,17.755373001098633
2016-10-19,17.818103790283203
2016-10-20,17.208635330200195
2016-10-21,17.083152770996094
2016-10-24,17.11004638671875
2016-10-25,16.643972396850586
2016-10-26,16.652936935424805
2016-10-27,16.30339241027832
2016-10-28,16.59020233154297
2016-10-31,16.67086410522461
2016-11-01,16.697751998901367
2016-11-02,16.410947799682617
2016-11-03,16.14206314086914
2016-11-04,16.34819984436035
2016-11-07,16.67086410522461
2016-11-08,16.410947799682617
2016-11-09,16.1689510345459
2016-11-10,16.751529693603516
2016-11-11,16.419902801513672
2016-11-14,16.706716537475586
2016-11-15,16.72464370727539
2016-11-16,16.527462005615234
2016-11-17,16.97559356689453
2016-11-18,16.88597869873047
2016-11-21,16.948711395263672
2016-11-22,16.868045806884766
2016-11-23,17.02042007446289
2016-11-25,17.271371841430664
2016-11-28,17.119009017944336
2016-11-29,17.289302825927734
2016-11-30,16.90390396118164
2016-12-01,16.482646942138672
2016-12-02,16.410947799682617
2016-12-05,16.38405990600586
2016-12-06,16.742570877075195
2016-12-07,17.30722999572754
2016-12-08,17.79121971130371
2016-12-09,17.567148208618164
2016-12-12,17.773292541503906
2016-12-13,17.656784057617188
2016-12-14,17.11004638671875
2016-12-15,16.787382125854492
2016-12-16,16.958498001098633
2016-12-19,17.030548095703125
2016-12-20,17.192659378051758
2016-12-21,17.246692657470703
2016-12-22,16.706327438354492
2016-12-23,16.553224563598633
2016-12-27,16.769371032714844
2016-12-28,16.616273880004883
2016-12-29,16.661298751831055
2016-12-30,16.553224563598633
2017-01-03,16.706327438354492
2017-01-04,17.10260009765625
2017-01-05,17.048564910888672
2017-01-06,16.625276565551758
2017-01-09,16.688318252563477
2017-01-10,16.83241081237793
2017-01-11,16.967512130737305
2017-01-12,17.12060546875
2017-01-13,17.2827205657959
2017-01-17,17.255699157714844
2017-01-18,17.300729751586914
2017-01-19,17.057565689086914
2017-01-20,17.219682693481445
2017-01-23,17.300729751586914
2017-01-24,18.31842613220215
2017-01-25,18.408483505249023
2017-01-26,19.074935913085938
2017-01-27,19.146987915039062
2017-01-30,19.26406478881836
2017-01-31,19.372133255004883
2017-02-01,19.101953506469727
2017-02-02,19.146987915039062
2017-02-03,19.26406478881836
2017-02-06,19.17401123046875
2017-02-07,19.137975692749023
2017-02-08,19.155986785888672
2017-02-09,19.2730712890625
2017-02-10,19.47119903564453
2017-02-13,19.381141662597656
2017-02-14,19.354124069213867
2017-02-15,19.480209350585938
2017-02-16,19.219038009643555
2017-02-17,19.2730712890625
2017-02-21,19.462194442749023
2017-02-22,19.55225372314453
2017-02-23,19.453184127807617
2017-02-24,19.570274353027344
2017-02-27,19.90349769592285
2017-02-28,19.858463287353516
2017-03-01,20.254737854003906
2017-03-02,20.191692352294922
2017-03-03,20.245729446411133
2017-03-06,20.227720260620117
2017-03-07,20.524917602539062
2017-03-08,20.940845489501953
2017-03-09,20.904666900634766
2017-03-10,21.275392532348633
2017-03-13,21.148801803588867
2017-03-14,20.95892333984375
2017-03-15,21.184974670410156
2017-03-16,21.5285587310791
2017-03-17,21.447179794311523
2017-03-20,21.46527099609375
2017-03-21,21.1578426361084
2017-03-22,21.130720138549805
2017-03-23,21.175935745239258
2017-03-24,21.239227294921875
2017-03-27,21.22113800048828
2017-03-28,21.456228256225586
2017-03-29,21.474308013916016
2017-03-30,21.546642303466797
2017-03-31,21.293468475341797
2017-04-03,21.230178833007812
2017-04-04,21.130720138549805
2017-04-05,21.05838394165039
2017-04-06,21.121675491333008
2017-04-07,21.04934310913086
2017-04-10,21.21209144592285
2017-04-11,21.48334503173828
2017-04-12,21.492395401000977
2017-04-13,21.43813705444336
2017-04-17,21.799814224243164
2017-04-18,21.881196975708008
2017-04-19,21.872148513793945
2017-04-20,21.103593826293945
2017-04-21,21.085512161254883
2017-04-24,20.86850357055664
2017-04-25,20.072824478149414
2017-04-26,20.524921417236328
2017-04-27,20.678632736206055
2017-04-28,20.497793197631836
2017-05-01,20.32600212097168
2017-05-02,20.18132972717285
2017-05-03,20.05474853515625
2017-05-04,20.027618408203125
2017-05-05,20.199413299560547
2017-05-08,20.11803436279297
2017-05-09,20.53395652770996
2017-05-10,20.69671058654785
2017-05-11,20.81425666809082
2017-05-12,20.570127487182617
2017-05-15,20.74191665649414
2017-05-16,20.859464645385742
2017-05-17,20.3802490234375
2017-05-18,20.570127487182617
2017-05-19,20.913713455200195
2017-05-22,21.05838394165039
2017-05-23,20.723844528198242
2017-05-24,20.86850357055664
2017-05-25,20.69671058654785
2017-05-26,20.651504516601562
2017-05-30,20.497793197631836
2017-05-31,20.497793197631836
2017-06-01,20.86850357055664
2017-06-02,21.43813705444336
2017-06-05,21.1578426361084
2017-06-06,21.275842666625977
2017-06-07,21.4119930267334
2017-06-08,21.2576904296875
2017-06-09,21.275842666625977
2017-06-12,21.303068161010742
2017-06-13,21.8930606842041
2017-06-14,22.038291931152344
2017-06-15,21.85675621032715
2017-06-16,21.793216705322266
2017-06-19,21.929365158081055
2017-06-20,21.992902755737305
2017-06-21,22.038291931152344
2017-06-22,21.82044792175293
2017-06-23,21.920291900634766
2017-06-26,21.956600189208984
2017-06-27,21.847684860229492
2017-06-28,22.228900909423828
2017-06-29,21.83859634399414
2017-06-30,22.26520347595215
2017-07-03,22.228900909423828
2017-07-05,22.365055084228516
2017-07-06,22.15629005432129
2017-07-07,22.637359619140625
2017-07-10,22.75535011291504
2017-07-11,22.39228057861328
2017-07-12,22.138134002685547
2017-07-13,22.11997413635254
2017-07-14,22.11090850830078
2017-07-17,22.11090850830078
2017-07-18,21.929365158081055
2017-07-19,22.2016658782959
2017-07-20,22.047367095947266
2017-07-21,22.065507888793945
2017-07-24,22.165367126464844
2017-07-25,22.2742862701416
2017-07-26,22.047367095947266
2017-07-27,22.11090850830078
2017-07-28,22.101821899414062
2017-07-31,22.165367126464844
2017-08-01,22.591964721679688
2017-08-02,22.87334632873535
2017-08-03,22.95503807067871
2017-08-04,23.236413955688477
2017-08-07,23.109333038330078
2017-08-08,22.973194122314453
2017-08-09,22.973194122314453
2017-08-10,22.49212646484375
2017-08-11,22.54658317565918
2017-08-14,23.045804977416992
2017-08-15,23.17287254333496
2017-08-16,23.526866912841797
2017-08-17,23.0911922454834
2017-08-18,22.945960998535156
2017-08-21,23.054889678955078
2017-08-22,22.936887741088867
2017-08-23,22.637359619140625
2017-08-24,22.610122680664062
2017-08-25,22.973194122314453
2017-08-28,22.964109420776367
2017-08-29,22.973194122314453
2017-08-30,23.15472412109375
2017-08-31,23.43610191345215
2017-09-01,23.481491088867188
2017-09-05,23.281795501708984
2017-09-06,23.263643264770508
2017-09-07,23.07303237915039
2017-09-08,23.381643295288086
2017-09-11,23.753786087036133
2017-09-12,24.026090621948242
2017-09-13,23.771942138671875
2017-09-14,23.93532371520996
2017-09-15,23.862712860107422
2017-09-18,23.98111343383789
2017-09-19,23.890029907226562
2017-09-20,23.370882034301758
2017-09-21,23.361772537231445
2017-09-22,23.571252822875977
2017-09-25,23.835384368896484
2017-09-26,23.98111343383789
2017-09-27,24.163272857666016
2017-09-28,24.564016342163086
2017-09-29,24.891902923583984
2017-10-02,24.928340911865234
2017-10-03,25.055837631225586
2017-10-04,25.165138244628906
2017-10-05,24.77349853515625
2017-10-06,24.80082130432129
2017-10-09,24.727954864501953
2017-10-10,24.454723358154297
2017-10-11,24.564016342163086
2017-10-12,24.673311233520508
2017-10-13,24.65509605407715
2017-10-16,24.691526412963867
2017-10-17,24.882793426513672
2017-10-18,24.891902923583984
2017-10-19,25.301759719848633
2017-10-20,25.502134323120117
2017-10-23,25.411054611206055
2017-10-24,26.121461868286133
2017-10-25,26.62239646911621
2017-10-26,27.10512351989746
2017-10-27,27.387470245361328
2017-10-30,27.132444381713867
2017-10-31,27.5331974029541
2017-11-01,27.69713020324707
2017-11-02,27.405681610107422
2017-11-03,27.60605239868164
2017-11-06,27.779104232788086
2017-11-07,27.724458694458008
2017-11-08,28.15253448486328
2017-11-09,28.29825782775879
2017-11-10,28.37111473083496
2017-11-13,28.753650665283203
2017-11-14,28.935813903808594
2017-11-15,28.89937973022461
2017-11-16,29.054214477539062
2017-11-17,29.372989654541016
2017-11-20,29.55514907836914
2017-11-21,29.81016731262207
2017-11-22,29.910354614257812
2017-11-24,30.192705154418945
2017-11-27,29.864824295043945
2017-11-28,30.27467918395996
2017-11-29,30.793825149536133
2017-11-30,31.08527946472168
2017-12-01,30.91222381591797
2017-12-04,31.36762237548828
2017-12-05,30.50237464904785
2017-12-06,30.14715576171875
2017-12-07,30.59345245361328
2017-12-08,31.057954788208008
2017-12-11,30.875314712524414
2017-12-12,30.765729904174805
2017-12-13,30.42784309387207
2017-12-14,30.181278228759766
2017-12-15,30.528297424316406
2017-12-18,30.902706146240234
2017-12-19,30.473499298095703
2017-12-20,30.628753662109375
2017-12-21,30.838781356811523
2017-12-22,30.473499298095703
2017-12-26,30.64702033996582
2017-12-27,30.610492706298828
2017-12-28,30.79312515258789
2017-12-29,30.363914489746094
2018-01-02,30.473499298095703
2018-01-03,31.29538917541504
2018-01-04,30.89358901977539
2018-01-05,31.541948318481445
2018-01-08,31.45063018798828
2018-01-09,31.64240264892578
2018-01-10,30.747461318969727
2018-01-11,31.523691177368164
2018-01-12,31.487157821655273
2018-01-16,30.829654693603516
2018-01-17,31.414106369018555
2018-01-18,31.18579864501953
2018-01-19,31.59674644470215
2018-01-22,32.098995208740234
2018-01-23,31.898094177246094
2018-01-24,31.78851318359375
2018-01-25,31.2862491607666
2018-01-26,31.523691177368164
2018-01-29,30.528297424316406
2018-01-30,29.879926681518555
2018-01-31,29.067176818847656
2018-02-01,28.729290008544922
2018-02-02,28.035259246826172
2018-02-05,26.80243682861328
2018-02-06,27.542129516601562
2018-02-07,27.31382942199707
2018-02-08,26.181461334228516
2018-02-09,26.217985153198242
2018-02-12,26.647192001342773
2018-02-13,26.482818603515625
2018-02-14,26.902891159057617
2018-02-15,26.939420700073242
2018-02-16,27.158588409423828
2018-02-20,26.912023544311523
2018-02-21,26.793312072753906
2018-02-22,26.65633201599121
2018-02-23,26.729381561279297
2018-02-26,26.793312072753906
2018-02-27,26.026216506958008
2018-02-28,25.633541107177734
2018-03-01,26.227121353149414
2018-03-02,26.437156677246094
2018-03-05,26.765911102294922
2018-03-06,27.304704666137695
2018-03-07,27.04900360107422
2018-03-08,26.957679748535156
2018-03-09,27.43254852294922
2018-03-12,27.560396194458008
2018-03-13,27.797826766967773
2018-03-14,26.985078811645508
2018-03-15,26.536245346069336
2018-03-16,26.91179847717285
2018-03-19,26.655323028564453
2018-03-20,26.499603271484375
2018-03-21,26.920955657958984
2018-03-22,26.563724517822266
2018-03-23,26.243127822875977
2018-03-26,26.719440460205078
2018-03-27,26.774398803710938
2018-03-28,26.637001037597656
2018-03-29,27.012557983398438
2018-04-02,26.16984748840332
2018-04-03,26.270605087280273
2018-04-04,27.937707901000977
2018-04-05,28.22166633605957
2018-04-06,27.507192611694336
2018-04-09,27.35148048400879
2018-04-10,27.32399559020996
2018-04-11,27.067514419555664
2018-04-12,26.66448402404785
2018-04-13,26.829360961914062
2018-04-16,27.085840225219727
2018-04-17,27.360639572143555
2018-04-18,27.433914184570312
2018-04-19,26.343883514404297
2018-04-20,26.14236831665039
2018-04-23,26.398847579956055
2018-04-24,27.159114837646484
2018-04-25,27.96518898010254
2018-04-26,28.459821701049805
2018-04-27,28.45066261291504
2018-04-30,27.809471130371094
2018-05-01,28.285785675048828
2018-05-02,27.992666244506836
2018-05-03,28.29494857788086
2018-05-04,28.377382278442383
2018-05-07,28.404861450195312
2018-05-08,28.55142593383789
2018-05-09,28.17586326599121
2018-05-10,28.441503524780273
2018-05-11,28.688817977905273
2018-05-14,28.359066009521484
2018-05-15,26.83852195739746
2018-05-16,26.93927764892578
2018-05-17,27.094999313354492
2018-05-18,27.39727210998535
2018-05-21,27.38811492919922
2018-05-22,27.003395080566406
2018-05-23,27.48887062072754
2018-05-24,27.589628219604492
2018-05-25,27.910228729248047
2018-05-29,28.10258674621582
2018-05-30,27.708709716796875
2018-05-31,27.708709716796875
2018-06-01,27.809471130371094
2018-06-04,27.81863021850586
2018-06-05,28.13922691345215
2018-06-06,28.616939544677734
2018-06-07,28.800674438476562
2018-06-08,29.912288665771484
2018-06-11,29.636674880981445
2018-06-12,30.298128128051758
2018-06-13,28.277029037475586
2018-06-14,28.295400619506836
2018-06-15,27.90036964416504
2018-06-18,27.211362838745117
2018-06-19,27.03680992126465
2018-06-20,26.990873336791992
2018-06-21,26.797948837280273
2018-06-22,26.439668655395508
2018-06-25,25.943574905395508
2018-06-26,26.283489227294922
2018-06-27,25.879268646240234
2018-06-28,26.04463005065918
2018-06-29,26.4121036529541
2018-07-02,26.522348403930664
2018-07-03,26.50397491455078
2018-07-05,26.797948837280273
2018-07-06,26.926565170288086
2018-07-09,27.229726791381836
2018-07-10,27.101119995117188
2018-07-11,27.000059127807617
2018-07-12,27.220539093017578
2018-07-13,27.238914489746094
2018-07-16,27.679887771606445
2018-07-17,28.4056453704834
2018-07-18,28.45157814025879
2018-07-19,28.74555778503418
2018-07-20,28.5801944732666
2018-07-23,28.31377601623535
2018-07-24,27.689075469970703
2018-07-25,26.62339973449707
2018-07-26,26.62339973449707
2018-07-27,25.842519760131836
2018-07-30,25.851709365844727
2018-07-31,26.173248291015625
2018-08-01,26.430477142333984
2018-08-02,26.237550735473633
2018-08-03,26.311054229736328
2018-08-06,26.38454818725586
2018-08-07,26.972501754760742
2018-08-08,27.02762222290039
2018-08-09,26.944936752319336
2018-08-10,26.402915954589844
2018-08-13,25.401554107666016
2018-08-14,25.585294723510742
2018-08-15,25.484235763549805
2018-08-16,25.769027709960938
2018-08-17,25.805776596069336
2018-08-20,25.842519760131836
2018-08-21,27.257295608520508
2018-08-22,26.990873336791992
2018-08-23,26.4121036529541
2018-08-24,26.22836685180664
2018-08-27,26.61421775817871
2018-08-28,26.127307891845703
2018-08-29,26.026264190673828
2018-08-30,25.640409469604492
2018-08-31,25.677160263061523
2018-09-04,25.72309684753418
2018-09-05,26.2008056640625
2018-09-06,25.787399291992188
2018-09-07,24.712539672851562
2018-09-10,24.703353881835938
2018-09-11,24.905471801757812
2018-09-12,25.236190795898438
2018-09-13,24.657419204711914
2018-09-14,24.822782516479492
2018-09-17,24.564693450927734
2018-09-18,24.832008361816406
2018-09-19,24.601566314697266
2018-09-20,24.32503890991211
2018-09-21,24.20521354675293
2018-09-24,23.679811477661133
2018-09-25,23.87338638305664
2018-09-26,23.532333374023438
2018-09-27,23.025365829467773
2018-09-28,22.831804275512695
2018-10-01,22.59214973449707
2018-10-02,22.711973190307617
2018-10-03,22.20501136779785
2018-10-04,21.928485870361328
2018-10-05,21.99300765991211
2018-10-08,22.30640411376953
2018-10-09,21.99300765991211
2018-10-10,21.7257022857666
2018-10-11,21.486042022705078
2018-10-12,21.09890365600586
2018-10-15,21.144990921020508
2018-10-16,21.77178382873535
2018-10-17,21.03438377380371
2018-10-18,20.684118270874023
2018-10-19,19.89141273498535
2018-10-22,19.246183395385742
2018-10-23,20.647245407104492
2018-10-24,20.407594680786133
2018-10-25,21.347776412963867
2018-10-26,22.057525634765625
2018-10-29,21.587432861328125
2018-10-30,22.951629638671875
2018-10-31,22.647451400756836
2018-11-01,22.73040771484375
2018-11-02,22.370922088623047
2018-11-05,22.804149627685547
2018-11-06,22.942407608032227
2018-11-07,23.13597869873047
2018-11-08,22.334056854248047
2018-11-09,22.527624130249023
2018-11-12,22.131263732910156
2018-11-13,22.481534957885742
2018-11-14,22.619796752929688
2018-11-15,22.223445892333984
2018-11-16,23.016145706176758
2018-11-19,23.246591567993164
2018-11-20,23.34798240661621
2018-11-21,23.652156829833984
2018-11-23,23.89181900024414
2018-11-26,24.140687942504883
2018-11-27,24.334257125854492
2018-11-28,24.64765167236328
2018-11-29,24.6384334564209
2018-11-30,24.444868087768555
2018-12-03,24.721397399902344
2018-12-04,23.624507904052734
2018-12-06,24.564693450927734
2018-12-07,24.17755889892578
2018-12-10,23.559988021850586
2018-12-11,23.73512077331543
2018-12-12,24.103818893432617
2018-12-13,23.790424346923828
2018-12-14,23.606081008911133
2018-12-17,23.73567008972168
2018-12-18,24.5040283203125
2018-12-19,23.883790969848633
2018-12-20,23.883790969848633
2018-12-21,23.263551712036133
2018-12-24,22.846975326538086
2018-12-26,23.93007469177246
2018-12-27,24.068937301635742
2018-12-28,24.10597038269043
2018-12-31,24.059682846069336
2019-01-02,24.291112899780273
2019-01-03,24.013391494750977
2019-01-04,25.179811477661133
2019-01-07,26.114797592163086
2019-01-08,26.235137939453125
2019-01-09,26.799835205078125
2019-01-10,26.485084533691406
2019-01-11,26.45731544494629
2019-01-14,25.790794372558594
2019-01-15,25.985193252563477
2019-01-16,25.337182998657227
2019-01-17,24.85580825805664
2019-01-18,24.61511993408203
2019-01-22,24.374427795410156
2019-01-23,24.726205825805664
2019-01-24,24.716949462890625
2019-01-25,24.95763397216797
2019-01-28,25.02243995666504
2019-01-29,25.22609519958496
2019-01-30,25.216838836669922
2019-01-31,25.744503021240234
2019-02-01,25.318668365478516
2019-02-04,24.800264358520508
2019-02-05,25.318668365478516
2019-02-06,24.5040283203125
2019-02-07,24.89283561706543
2019-02-08,24.633630752563477
2019-02-11,24.531797409057617
2019-02-12,25.281639099121094
2019-02-13,25.170547485351562
2019-02-14,24.911348342895508
2019-02-15,25.105751037597656
2019-02-19,25.031694412231445
2019-02-20,25.124269485473633
2019-02-21,25.550100326538086
2019-02-22,25.901878356933594
2019-02-25,25.513071060180664
2019-02-26,25.401988983154297
2019-02-27,25.077978134155273
2019-02-28,24.99466896057129
2019-03-01,24.75397491455078
2019-03-04,25.624162673950195
2019-03-05,24.883575439453125
2019-03-06,24.781747817993164
2019-03-07,25.48529624938965
2019-03-08,25.531585693359375
2019-03-11,26.10553741455078
2019-03-12,25.929651260375977
2019-03-13,25.476043701171875
2019-03-14,25.178621292114258
2019-03-15,24.974145889282227
2019-03-18,24.788257598876953
2019-03-19,24.388593673706055
2019-03-20,23.979639053344727
2019-03-21,24.444364547729492
2019-03-22,24.704607009887695
2019-03-25,25.29015350341797
2019-03-26,25.448156356811523
2019-03-27,26.749380111694336
2019-03-28,26.303241729736328
2019-03-29,25.987234115600586
2019-04-01,25.922176361083984
2019-04-02,25.81064224243164
2019-04-03,25.81064224243164
2019-04-04,26.572784423828125
2019-04-05,26.898086547851562
2019-04-08,26.795854568481445
2019-04-09,26.5541934967041
2019-04-10,26.879505157470703
2019-04-11,27.334924697875977
2019-04-12,27.316341400146484
2019-04-15,27.418582916259766
2019-04-16,27.660236358642578
2019-04-17,27.920486450195312
2019-04-18,28.245786666870117
2019-04-22,28.087779998779297
2019-04-23,29.13804817199707
2019-04-24,29.612064361572266
2019-04-25,29.435470581054688
2019-04-26,29.24028778076172
2019-04-29,29.119461059570312
2019-04-30,29.24028778076172
2019-05-01,29.082286834716797
2019-05-02,29.46335220336914
2019-05-03,29.53771209716797
2019-05-06,29.500532150268555
2019-05-07,29.249576568603516
2019-05-08,28.887102127075195
2019-05-09,29.305347442626953
2019-05-10,29.314640045166016
2019-05-13,29.054399490356445
2019-05-14,29.8072452545166
2019-05-15,29.67713165283203
2019-05-16,30.04891586303711
2019-05-17,30.188318252563477
2019-05-20,29.612064361572266
2019-05-21,29.993141174316406
2019-05-22,29.853717803955078
2019-05-23,29.361114501953125
2019-05-24,29.853717803955078
2019-05-28,29.44476890563965
2019-05-29,29.054399490356445
2019-05-30,29.305347442626953
2019-05-31,28.812746047973633
2019-06-03,29.454063415527344
2019-06-04,29.68642807006836
2019-06-05,29.79796028137207
2019-06-06,29.565593719482422
2019-06-07,30.439271926879883
2019-06-10,30.420684814453125
2019-06-11,30.2069091796875
2019-06-12,29.89089584350586
2019-06-13,30.31058120727539
2019-06-14,30.63700294494629
2019-06-17,30.459802627563477
2019-06-18,30.683637619018555
2019-06-19,30.04012107849121
2019-06-20,30.525096893310547
2019-06-21,29.75100326538086
2019-06-24,29.984163284301758
2019-06-25,29.266036987304688
2019-06-26,29.060853958129883
2019-06-27,29.42458152770996
2019-06-28,29.489871978759766
2019-07-01,29.95618438720703
2019-07-02,30.27327537536621
2019-07-03,30.47846221923828
2019-07-05,29.788307189941406
2019-07-08,30.14271354675293
2019-07-09,29.83493995666504
2019-07-10,30.450481414794922
2019-07-11,30.487781524658203
2019-07-12,31.308490753173828
2019-07-15,30.90747833251953
2019-07-16,31.317829132080078
2019-07-17,31.224563598632812
2019-07-18,31.187259674072266
2019-07-19,30.99139976501465
2019-07-22,31.224563598632812
2019-07-23,28.622522354125977
2019-07-24,28.818368911743164
2019-07-25,29.713699340820312
2019-07-26,29.713699340820312
2019-07-29,29.349979400634766
2019-07-30,29.937528610229492
2019-07-31,29.387279510498047
2019-08-01,29.704374313354492
2019-08-02,29.228729248046875
2019-08-05,29.01422691345215
2019-08-06,28.84634780883789
2019-08-07,29.695049285888672
2019-08-08,30.319904327392578
2019-08-09,29.9095516204834
2019-08-12,29.359294891357422
2019-08-13,30.07742691040039
2019-08-14,29.52717399597168
2019-08-15,29.284687042236328
2019-08-16,29.9095516204834
2019-08-19,30.319904327392578
2019-08-20,30.450481414794922
2019-08-21,30.67430877685547
2019-08-22,30.926124572753906
2019-08-23,30.497112274169922
2019-08-26,30.954092025756836
2019-08-27,31.14063262939453
2019-08-28,31.168601989746094
2019-08-29,31.411088943481445
2019-08-30,31.52301025390625
2019-09-03,31.700206756591797
2019-09-04,32.138545989990234
2019-09-05,31.942697525024414
2019-09-06,32.24113464355469
2019-09-09,32.4183349609375
2019-09-10,31.952014923095703
2019-09-11,32.42765808105469
2019-09-12,32.70744705200195
2019-09-13,32.87533187866211
2019-09-16,32.82868957519531
2019-09-17,33.12807846069336
2019-09-18,32.66029357910156
2019-09-19,33.174861907958984
2019-09-20,33.38066482543945
2019-09-23,33.361968994140625
2019-09-24,33.698760986328125
2019-09-25,33.85780334472656
2019-09-26,33.84844970703125
2019-09-27,33.605201721191406
2019-09-30,34.194618225097656
2019-10-01,34.08235168457031
2019-10-02,33.8858757019043
2019-10-03,33.83909225463867
2019-10-04,34.69981384277344
2019-10-07,34.3817138671875
2019-10-08,34.260093688964844
2019-10-09,34.52206039428711
2019-10-10,34.56882095336914
2019-10-11,34.51268768310547
2019-10-14,34.671749114990234
2019-10-15,34.90562438964844
2019-10-16,35.766353607177734
2019-10-17,35.775691986083984
2019-10-18,35.83183670043945
2019-10-21,35.728919982910156
2019-10-22,36.88901138305664
2019-10-23,37.26323318481445
2019-10-24,38.38590621948242
2019-10-25,37.80585861206055
2019-10-28,36.92644119262695
2019-10-29,36.486717224121094
2019-10-30,37.01999282836914
2019-10-31,36.71125030517578
2019-11-01,37.45034408569336
2019-11-04,35.691505432128906
2019-11-05,35.8131217956543
2019-11-06,36.327674865722656
2019-11-07,35.59794235229492
2019-11-08,35.71956253051758
2019-11-11,36.29961013793945
2019-11-12,36.27153778076172
2019-11-13,36.71125030517578
2019-11-14,36.814170837402344
2019-11-15,36.40251922607422
2019-11-18,36.945152282714844
2019-11-19,36.84223175048828
2019-11-20,37.08547592163086
2019-11-21,36.468013763427734
2019-11-22,36.37445068359375
2019-11-25,36.898372650146484
2019-11-26,37.506473541259766
2019-11-27,37.253883361816406
2019-11-29,37.094844818115234
2019-12-02,36.617698669433594
2019-12-03,36.832881927490234
2019-12-04,36.851593017578125
2019-12-05,37.60939407348633
2019-12-06,37.47840881347656
2019-12-09,37.57196807861328
2019-12-10,37.67487716674805
2019-12-11,38.08652114868164
2019-12-12,37.076133728027344
2019-12-13,37.77779769897461
2019-12-16,37.44099807739258
2019-12-17,37.11256408691406
2019-12-18,36.52138900756836
2019-12-19,36.221107482910156
2019-12-20,37.17824172973633
2019-12-23,36.502620697021484
2019-12-24,36.73720932006836
2019-12-26,36.57768249511719
2019-12-27,36.39939498901367
2019-12-30,36.40877914428711
2019-12-31,36.40877914428711
2020-01-02,36.296173095703125
2020-01-03,36.61522674560547
2020-01-06,36.88735580444336
2020-01-07,37.13132858276367
2020-01-08,37.469139099121094
2020-01-09,37.35653305053711
2020-01-10,37.52544403076172
2020-01-13,37.93833541870117
2020-01-14,38.41688537597656
2020-01-15,38.76409149169922
2020-01-16,39.092525482177734
2020-01-17,39.214508056640625
2020-01-21,39.918296813964844
2020-01-22,40.237342834472656
2020-01-23,41.147544860839844
2020-01-24,41.016170501708984
2020-01-27,41.569820404052734
2020-01-28,43.95328140258789
2020-01-29,43.174434661865234
2020-01-30,42.864776611328125
2020-01-31,41.89825439453125
2020-02-03,41.907630920410156
2020-02-04,41.36337661743164
2020-02-05,42.48004150390625
2020-02-06,42.686485290527344
2020-02-07,43.25888442993164
2020-02-10,43.78438186645508
2020-02-11,44.084651947021484
2020-02-12,43.82190704345703
2020-02-13,43.81252670288086
2020-02-14,43.81252670288086
2020-02-18,43.77499771118164
2020-02-19,43.681156158447266
2020-02-20,43.79375076293945
2020-02-21,43.54977798461914
2020-02-24,42.46126937866211
2020-02-25,40.678375244140625
2020-02-26,39.47725296020508
2020-02-27,39.16758728027344
2020-02-28,37.72250747680664
2020-03-02,38.989295959472656
2020-03-03,39.58985900878906
2020-03-04,41.68242645263672
2020-03-05,40.312408447265625
2020-03-06,38.942386627197266
2020-03-09,36.249263763427734
2020-03-10,37.18764114379883
2020-03-11,33.162017822265625
2020-03-12,28.708402633666992
2020-03-13,28.746065139770508
2020-03-16,22.672956466674805
2020-03-17,21.740802764892578
2020-03-18,18.32291030883789
2020-03-19,18.38882064819336
2020-03-20,18.614795684814453
2020-03-23,16.703413009643555
2020-03-24,20.789819717407227
2020-03-25,22.80477523803711
2020-03-26,24.20770263671875
2020-03-27,23.08724594116211
2020-03-30,22.371646881103516
2020-03-31,21.01579475402832
2020-04-01,19.584609985351562
2020-04-02,18.63363265991211
2020-04-03,17.81446075439453
2020-04-06,20.43202018737793
2020-04-07,21.684307098388672
2020-04-08,24.028810501098633
2020-04-09,24.800899505615234
2020-04-13,23.35087776184082
2020-04-14,24.179458618164062
2020-04-15,22.484638214111328
2020-04-16,22.851850509643555
2020-04-17,24.028810501098633
2020-04-20,22.88951301574707
2020-04-21,22.767108917236328
2020-04-22,22.66353988647461
2020-04-23,22.475223541259766
2020-04-24,24.14179801940918
2020-04-27,25.648303985595703
2020-04-28,27.296049118041992
2020-04-29,28.520090103149414
2020-04-30,26.61812400817871
2020-05-01,25.648303985595703
2020-05-04,25.67655372619629
2020-05-05,26.175588607788086
2020-05-06,26.01551628112793
2020-05-07,26.53337860107422
2020-05-08,28.13404655456543
2020-05-11,27.700925827026367
2020-05-12,26.448637008666992
2020-05-13,25.591814041137695
2020-05-14,25.977855682373047
2020-05-15,26.100265502929688
2020-05-18,29.311004638671875
2020-05-19,29.55581283569336
2020-05-20,29.593475341796875
2020-05-21,30.77985382080078
2020-05-22,31.363615036010742
2020-05-26,32.33343505859375
2020-05-27,34.32015609741211
2020-05-28,32.39935302734375
2020-05-29,31.985057830810547
2020-06-01,32.32402038574219
2020-06-02,32.719482421875
2020-06-03,33.87761306762695
2020-06-04,32.96428298950195
2020-06-05,34.574378967285156
2020-06-08,34.52730178833008
2020-06-09,33.74578857421875
2020-06-10,34.1977424621582
2020-06-11,31.089719772338867
2020-06-12,32.0155143737793
2020-06-15,33.744293212890625
2020-06-16,34.509490966796875
2020-06-17,34.38667678833008
2020-06-18,33.640380859375
2020-06-19,32.75236892700195
2020-06-22,33.130245208740234
2020-06-23,33.17747116088867
2020-06-24,31.968276977539062
2020-06-25,30.77796745300293
2020-06-26,30.163923263549805
2020-06-29,31.647077560424805
2020-06-30,32.14776611328125
2020-07-01,31.155838012695312
2020-07-02,31.061370849609375
2020-07-06,32.213890075683594
2020-07-07,32.043853759765625
2020-07-08,33.31917953491211
2020-07-09,32.00606918334961
2020-07-10,33.07355880737305
2020-07-13,32.0155143737793
2020-07-14,33.489227294921875
2020-07-15,34.17884826660156
2020-07-16,34.717308044433594
2020-07-17,35.23689270019531
2020-07-20,35.50141143798828
2020-07-21,35.61477279663086
2020-07-22,37.25853729248047
2020-07-23,39.00620651245117
2020-07-24,40.26264953613281
2020-07-27,41.793052673339844
2020-07-28,41.08452606201172
2020-07-29,42.227603912353516
2020-07-30,41.44351577758789
2020-07-31,41.18844223022461
2020-08-03,41.59465408325195
2020-08-04,41.69857406616211
2020-08-05,42.04811096191406
2020-08-06,42.246490478515625
2020-08-07,41.81193923950195
2020-08-10,42.662147521972656
2020-08-11,41.91584777832031
2020-08-12,42.92667007446289
2020-08-13,43.00224304199219
2020-08-14,42.57713317871094
2020-08-17,43.861907958984375
2020-08-18,44.03195571899414
2020-08-19,43.61628341674805
2020-08-20,43.77688217163086
2020-08-21,44.85383224487305
2020-08-24,44.986087799072266
2020-08-25,44.57042694091797
2020-08-26,43.729652404785156
2020-08-27,43.21953201293945
2020-08-28,42.81331253051758
2020-08-31,42.123680114746094
2020-09-01,43.50293731689453
2020-09-02,43.587947845458984
2020-09-03,41.74580764770508
2020-09-04,40.82001876831055
2020-09-08,40.80111312866211
2020-09-09,42.13312911987305
2020-09-10,42.038658142089844
2020-09-11,42.79441833496094
2020-09-14,43.14394760131836
2020-09-15,42.5582389831543
2020-09-16,44.135868072509766
2020-09-17,42.945556640625
2020-09-18,42.60456848144531
2020-09-21,42.254119873046875
2020-09-22,43.44757843017578
2020-09-23,41.524776458740234
2020-09-24,42.007843017578125
2020-09-25,41.6858024597168
2020-09-28,43.343387603759766
2020-09-29,42.8792610168457
2020-09-30,43.845394134521484
2020-10-01,44.95360565185547
2020-10-02,45.0199089050293
2020-10-05,45.199886322021484
2020-10-06,44.1579704284668
2020-10-07,44.64104080200195
2020-10-08,46.38386535644531
2020-10-09,46.39332580566406
2020-10-12,46.8669319152832
2020-10-13,45.815547943115234
2020-10-14,45.73030090332031
2020-10-15,46.31755828857422
2020-10-16,45.228294372558594
2020-10-19,43.968528747558594
2020-10-20,44.49895477294922
2020-10-21,42.8508415222168
2020-10-22,40.38814926147461
2020-10-23,41.66686248779297
2020-10-26,40.170291900634766
2020-10-27,39.147335052490234
2020-10-28,39.72511291503906
2020-10-29,39.22311019897461
2020-10-30,38.6074333190918
2020-11-02,39.92403793334961
2020-11-03,40.8712158203125
2020-11-04,43.87381362915039
2020-11-05,43.58965301513672
2020-11-06,41.78052520751953
2020-11-09,38.493778228759766
2020-11-10,40.321861267089844
2020-11-11,40.55864334106445
2020-11-12,39.50726318359375
2020-11-13,40.6628303527832
2020-11-16,40.60599899291992
2020-11-17,40.73861312866211
2020-11-18,41.42059326171875
2020-11-19,41.32587432861328
2020-11-20,41.36375045776367
2020-11-23,42.8034782409668
2020-11-24,41.657386779785156
2020-11-25,42.254119873046875
2020-11-27,42.01731872558594
2020-11-30,41.32587432861328
2020-12-01,40.40709686279297
2020-12-02,39.355712890625
2020-12-03,40.89016342163086
2020-12-04,39.83879089355469
2020-12-07,41.316402435302734
2020-12-08,39.8198356628418
2020-12-09,39.85771942138672
2020-12-10,39.933494567871094
2020-12-11,40.113468170166016
2020-12-14,39.89561080932617
2020-12-15,40.31376266479492
2020-12-16,40.389793395996094
2020-12-17,42.556583404541016
2020-12-18,42.86070251464844
2020-12-21,42.52808380126953
2020-12-22,43.155311584472656
2020-12-23,42.090919494628906
2020-12-24,42.955745697021484
2020-12-28,42.26198196411133
2020-12-29,41.95786666870117
2020-12-30,41.900840759277344
2020-12-31,40.97901153564453
2021-01-04,40.11419677734375
2021-01-05,39.030792236328125
2021-01-06,38.821720123291016
2021-01-07,40.380306243896484
2021-01-08,39.467960357666016
2021-01-11,39.99064636230469
2021-01-12,40.54185104370117
2021-01-13,40.446815490722656
2021-01-14,40.31376266479492
2021-01-15,40.579856872558594
2021-01-19,41.82482147216797
2021-01-20,44.37174987792969
2021-01-21,45.198551177978516
2021-01-22,46.462520599365234
2021-01-25,46.54804992675781
2021-01-26,45.26508331298828
2021-01-27,44.9039421081543
2021-01-28,42.35701370239258
2021-01-29,41.340145111083984
2021-02-01,42.547088623046875
2021-02-02,43.68750762939453
2021-02-03,44.058143615722656
2021-02-04,44.76139450073242
2021-02-05,45.74024963378906
2021-02-08,46.814151763916016
2021-02-09,46.75712203979492
2021-02-10,46.909175872802734
2021-02-11,47.051727294921875
2021-02-12,46.0728759765625
2021-02-16,44.352745056152344
2021-02-17,43.87757873535156
2021-02-18,43.21232986450195
2021-02-19,44.08665466308594
2021-02-22,43.183815002441406
2021-02-23,43.639984130859375
2021-02-24,44.59033203125
2021-02-25,41.75830078125
2021-02-26,42.870208740234375
2021-03-01,43.21232986450195
2021-03-02,43.896575927734375
2021-03-03,42.0719108581543
2021-03-04,41.60624313354492
2021-03-05,43.46893310546875
2021-03-08,45.055999755859375
2021-03-09,44.98947525024414
2021-03-10,46.40550231933594
2021-03-11,45.98615264892578
2021-03-12,45.6811637878418
2021-03-15,47.36811065673828
2021-03-16,46.7867317199707
2021-03-17,48.59758758544922
2021-03-18,45.98615264892578
2021-03-19,46.69142532348633
2021-03-22,46.767669677734375
2021-03-23,46.07192611694336
2021-03-24,45.948028564453125
2021-03-25,47.78746795654297
2021-03-26,50.15110778808594
2021-03-29,49.1884880065918
2021-03-30,50.275001525878906
2021-03-31,49.97955322265625
2021-04-01,50.97075653076172
2021-04-05,51.30433654785156
2021-04-06,51.45683288574219
2021-04-07,51.01841354370117
2021-04-08,50.6562385559082
2021-04-09,52.00008773803711
2021-04-12,51.56166458129883
2021-04-13,51.51400375366211
2021-04-14,50.98982620239258
2021-04-15,50.942161560058594
2021-04-16,51.67603302001953
2021-04-19,51.18996810913086
2021-04-20,50.046268463134766
2021-04-21,50.665775299072266
2021-04-22,50.68483352661133
2021-04-23,51.380584716796875
2021-04-26,52.219295501708984
2021-04-27,54.45903396606445
2021-04-28,55.9267692565918
2021-04-29,57.003761291503906
2021-04-30,56.346134185791016
2021-05-03,57.499359130859375
2021-05-04,58.04261779785156
2021-05-05,58.252296447753906
2021-05-06,57.76622009277344
2021-05-07,58.83366394042969
2021-05-10,59.42457962036133
2021-05-11,56.746437072753906
2021-05-12,52.81019973754883
2021-05-13,55.33586883544922
2021-05-14,55.717098236083984
2021-05-17,55.26915740966797
2021-05-18,53.496421813964844
2021-05-19,52.97224044799805
2021-05-20,53.42970275878906
2021-05-21,53.15331268310547
2021-05-24,53.39158630371094
2021-05-25,53.877647399902344
2021-05-26,54.916507720947266
2021-05-27,55.16431427001953
2021-05-28,55.07853698730469
2021-06-01,55.43117141723633
2021-06-02,54.66870880126953
2021-06-03,53.6679801940918
2021-06-04,54.2779541015625
2021-06-07,54.0492057800293
2021-06-08,54.287479400634766
2021-06-09,53.22002410888672
2021-06-10,51.58616638183594
2021-06-11,51.920570373535156
2021-06-14,51.146644592285156
2021-06-15,51.79637145996094
2021-06-16,50.7548942565918
2021-06-17,51.32817840576172
2021-06-18,51.28040313720703
2021-06-21,51.786808013916016
2021-06-22,51.968353271484375
2021-06-23,51.108421325683594
2021-06-24,51.04153060913086
2021-06-25,51.223079681396484
2021-06-28,52.044795989990234
2021-06-29,53.06715774536133
2021-06-30,52.14033126831055
2021-07-01,53.33468246459961
2021-07-02,52.7805061340332
2021-07-06,51.5192756652832
2021-07-07,52.65629577636719
2021-07-08,50.3631477355957
2021-07-09,50.86000442504883
2021-07-12,50.79311752319336
2021-07-13,49.369449615478516
2021-07-14,49.44589614868164
2021-07-15,49.254791259765625
2021-07-16,48.72929382324219
2021-07-19,48.65285110473633
2021-07-20,49.88540267944336
2021-07-21,50.496917724609375
2021-07-22,50.15294647216797
2021-07-23,51.66259002685547
2021-07-26,50.98420715332031
2021-07-27,51.012874603271484
2021-07-28,50.28671646118164
2021-07-29,52.608524322509766
2021-07-30,52.42697525024414
2021-08-02,52.512977600097656
2021-08-03,52.90471649169922
2021-08-04,50.91733169555664
2021-08-05,51.108421325683594
2021-08-06,50.592472076416016
2021-08-09,50.22938919067383
2021-08-10,51.06064987182617
2021-08-11,52.90471649169922
2021-08-12,52.03523635864258
2021-08-13,51.920570373535156
2021-08-16,52.188114166259766
2021-08-17,50.11473083496094
2021-08-18,50.019187927246094
2021-08-19,49.43634033203125
2021-08-20,50.3631477355957
2021-08-23,50.10517120361328
2021-08-24,51.203975677490234
2021-08-25,51.8059196472168
2021-08-26,51.423736572265625
2021-08-27,52.43654251098633
2021-08-30,51.74859619140625
2021-08-31,51.46194839477539
2021-09-01,52.25498580932617
2021-09-02,51.786808013916016
2021-09-03,51.012874603271484
2021-09-07,50.37271499633789
2021-09-08,47.32474136352539
2021-09-09,46.32148742675781
2021-09-10,45.79597854614258
2021-09-13,46.13039779663086
2021-09-14,45.079368591308594
2021-09-15,45.46156311035156
2021-09-16,46.07306671142578
2021-09-17,46.609683990478516
2021-09-20,45.392704010009766
2021-09-21,45.133975982666016
2021-09-22,45.88141632080078
2021-09-23,45.38311767578125
2021-09-24,45.507694244384766
2021-09-27,46.32221603393555
2021-09-28,45.220211029052734
2021-09-29,45.91975021362305
2021-09-30,44.00322341918945
2021-10-01,44.20446014404297
2021-10-04,44.3194465637207
2021-10-05,44.58776092529297
2021-10-06,45.028560638427734
2021-10-07,45.67060089111328
2021-10-08,45.354373931884766
2021-10-11,45.277713775634766
2021-10-12,45.871829986572266
2021-10-13,45.78558349609375
2021-10-14,47.18464279174805
2021-10-15,46.38929748535156
2021-10-18,47.3092155456543
2021-10-19,47.1750602722168
2021-10-20,48.11415481567383
2021-10-21,48.00874328613281
2021-10-22,47.64460372924805
2021-10-25,47.77876281738281
2021-10-26,46.64802169799805
2021-10-27,46.715091705322266
2021-10-28,46.62885284423828
2021-10-29,46.07306671142578
2021-11-01,46.64802169799805
2021-11-02,45.795169830322266
2021-11-03,46.3701286315918
2021-11-04,47.03132247924805
2021-11-05,48.32497024536133
2021-11-08,48.17164993286133
2021-11-09,49.74319076538086
2021-11-10,48.50703811645508
2021-11-11,48.583702087402344
2021-11-12,49.216156005859375
2021-11-15,48.45912551879883
2021-11-16,49.36946487426758
2021-11-17,50.174407958984375
2021-11-18,49.58028030395508
2021-11-19,50.06900405883789
2021-11-22,50.23190689086914
2021-11-23,50.69187927246094
2021-11-24,50.45230484008789
2021-11-26,49.43655014038086
2021-11-29,49.359893798828125
2021-11-30,47.9416618347168
2021-12-01,47.9799919128418
2021-12-02,50.29898452758789
2021-12-03,49.915679931640625
2021-12-06,51.71720886230469
2021-12-07,52.38799285888672
2021-12-08,53.05876922607422
2021-12-09,53.05876922607422
2021-12-10,53.873291015625
2021-12-13,52.694637298583984
2021-12-14,51.752967834472656
2021-12-15,53.155853271484375
2021-12-16,51.87788009643555
2021-12-17,50.90739059448242
2021-12-20,49.46607208251953
2021-12-21,50.91699981689453
2021-12-22,52.40636444091797
2021-12-23,52.51206588745117
2021-12-27,53.213504791259766
2021-12-28,54.078285217285156
2021-12-29,55.39469909667969
2021-12-30,54.43382263183594
2021-12-31,54.923866271972656
2022-01-03,53.89572525024414
2022-01-04,54.68364334106445
2022-01-05,53.914947509765625
2022-01-06,52.877197265625
2022-01-07,50.234779357910156
2022-01-10,50.92660140991211
2022-01-11,52.75228500366211
2022-01-12,52.86758804321289
2022-01-13,54.70287322998047
2022-01-14,54.856597900390625
2022-01-18,52.38714599609375
2022-01-19,51.022701263427734
2022-01-20,50.32125473022461
2022-01-21,49.494903564453125
2022-01-24,51.887489318847656
2022-01-25,50.94582748413086
2022-01-26,49.072105407714844
2022-01-27,48.043975830078125
2022-01-28,49.24507522583008
2022-01-31,50.62873458862305
2022-02-01,51.10917282104492
2022-02-02,52.2718391418457
2022-02-03,50.77286911010742
2022-02-04,46.83326721191406
2022-02-07,46.94856262207031
2022-02-08,48.19770812988281
2022-02-09,49.427642822265625
2022-02-10,46.641090393066406
2022-02-11,45.98768997192383
2022-02-14,45.94925308227539
2022-02-15,46.98700714111328
2022-02-16,47.352134704589844
2022-02-17,46.07417297363281
2022-02-18,46.247127532958984
2022-02-22,44.42146301269531
2022-02-23,43.11465835571289
2022-02-24,44.796199798583984
2022-02-25,46.75639343261719
2022-02-28,47.71726989746094
2022-03-01,47.17918014526367
2022-03-02,48.08240509033203
2022-03-03,47.323307037353516
2022-03-04,47.43861770629883
2022-03-07,44.459896087646484
2022-03-08,44.2773323059082
2022-03-09,45.80511474609375
2022-03-10,45.30546951293945
2022-03-11,44.5751953125
2022-03-14,42.66647720336914
2022-03-15,44.77763748168945
2022-03-16,44.93186950683594
2022-03-17,45.645233154296875
2022-03-18,46.68634796142578
2022-03-21,44.85475158691406
2022-03-22,44.71979522705078
2022-03-23,43.04244613647461
2022-03-24,42.96531677246094
2022-03-25,42.223045349121094
2022-03-28,42.09772491455078
2022-03-29,43.5726432800293
2022-03-30,42.74360656738281
2022-03-31,40.39146041870117
2022-04-01,40.84453201293945
2022-04-04,41.61572265625
2022-04-05,40.39146041870117
2022-04-06,39.28286361694336
2022-04-07,38.80085372924805
2022-04-08,39.20574188232422
2022-04-11,39.976932525634766
2022-04-12,40.304691314697266
2022-04-13,41.16263961791992
2022-04-14,40.6902961730957
2022-04-18,40.55532455444336
2022-04-19,42.117000579833984
2022-04-20,42.329078674316406
2022-04-21,41.75068664550781
2022-04-22,40.401092529296875
2022-04-25,42.09772491455078
2022-04-26,41.046966552734375
2022-04-27,40.15045166015625
2022-04-28,41.953128814697266
2022-04-29,40.2564811706543
2022-05-02,40.912010192871094
2022-05-03,42.03989028930664
2022-05-04,44.20888137817383
2022-05-05,41.74104309082031
2022-05-06,41.24940872192383
2022-05-09,41.13371658325195
2022-05-10,40.39146041870117
2022-05-11,39.032222747802734
2022-05-12,40.64208984375
2022-05-13,40.99877166748047
2022-05-16,41.191566467285156
2022-05-17,42.83999252319336
2022-05-18,40.14081573486328
2022-05-19,40.16972351074219
2022-05-20,41.20121383666992
2022-05-23,40.902374267578125
2022-05-24,39.45637512207031
2022-05-25,41.42293167114258
2022-05-26,43.360565185546875
2022-05-27,44.04499435424805
2022-05-31,43.6304817199707
2022-06-01,43.3027229309082
2022-06-02,43.87147903442383
2022-06-03,43.43768310546875
2022-06-06,43.49551010131836
2022-06-07,43.66904067993164
2022-06-08,42.48332977294922
2022-06-09,42.55104064941406
2022-06-10,40.62613296508789
2022-06-13,38.662532806396484
2022-06-14,38.57547378540039
2022-06-15,38.140193939208984
2022-06-16,35.08356475830078
2022-06-17,35.06421661376953
2022-06-21,35.954124450683594
2022-06-22,36.67958450317383
2022-06-23,38.420711517333984
2022-06-24,39.06878662109375
2022-06-27,39.26225280761719
2022-06-28,38.56580352783203
2022-06-29,38.29496383666992
2022-06-30,38.33366012573242
2022-07-01,40.838932037353516
2022-07-05,42.28986740112305
2022-07-06,41.82556915283203
2022-07-07,42.15444564819336
2022-07-08,42.75416564941406
2022-07-11,42.560699462890625
2022-07-12,42.618743896484375
2022-07-13,42.87990951538086
2022-07-14,42.36724853515625
2022-07-15,42.5123405456543
2022-07-18,42.03837966918945
2022-07-19,43.092716217041016
2022-07-20,42.91859817504883
2022-07-21,44.08902359008789
2022-07-22,44.408233642578125
2022-07-25,43.237815856933594
2022-07-26,41.39995574951172
2022-07-27,42.23181915283203
2022-07-28,42.280189514160156
2022-07-29,42.19313430786133
2022-08-01,42.72515106201172
2022-08-02,40.3359375
2022-08-03,40.49071502685547
2022-08-04,41.225852966308594
2022-08-05,40.99369812011719
2022-08-08,42.09641647338867
2022-08-09,40.80025100708008
2022-08-10,42.68645095825195
2022-08-11,42.821876525878906
2022-08-12,43.47963333129883
2022-08-15,42.95729064941406
2022-08-16,43.092716217041016
2022-08-17,42.07706069946289
2022-08-18,42.280189514160156
2022-08-19,40.92599105834961
2022-08-22,39.649169921875
2022-08-23,39.8039436340332
2022-08-24,40.71318435668945
2022-08-25,41.641780853271484
2022-08-26,39.69752883911133
2022-08-29,39.57178497314453
2022-08-30,39.639488220214844
2022-08-31,39.3299674987793
2022-09-01,39.23323059082031
2022-09-02,39.126827239990234
2022-09-06,38.50776672363281
2022-09-07,39.300941467285156
2022-09-08,39.48473358154297
2022-09-09,40.403656005859375
2022-09-12,40.75187683105469
2022-09-13,37.91771697998047
2022-09-14,37.637203216552734
2022-09-15,37.588844299316406
2022-09-16,38.07249450683594
2022-09-19,39.339637756347656
2022-09-20,38.67220687866211
2022-09-21,38.19645690917969
2022-09-22,37.77894973754883
2022-09-23,38.01197052001953
2022-09-26,36.80801773071289
2022-09-27,36.44877243041992
2022-09-28,38.293540954589844
2022-09-29,37.03132629394531
2022-09-30,36.409934997558594
2022-10-03,38.10906982421875
2022-10-04,39.79848861694336
2022-10-05,39.672264099121094
2022-10-06,40.07034683227539
2022-10-07,38.92464828491211
2022-10-10,38.701332092285156
2022-10-11,38.788719177246094
2022-10-12,37.866336822509766
2022-10-13,37.7206916809082
2022-10-14,36.48761749267578
2022-10-17,37.21581268310547
2022-10-18,38.47801971435547
2022-10-19,36.0798225402832
2022-10-20,35.526390075683594
2022-10-21,36.40022659301758
2022-10-24,36.85655975341797
2022-10-25,38.40034103393555
2022-10-26,37.749820709228516
2022-10-27,38.08964538574219
2022-10-28,39.15766906738281
2022-10-31,38.827552795410156
2022-11-01,38.6430778503418
2022-11-02,37.51679611206055
2022-11-03,36.13806915283203
2022-11-04,37.147850036621094
2022-11-07,37.59447479248047
2022-11-08,37.78865432739258
2022-11-09,37.45854568481445
2022-11-10,42.50738525390625
2022-11-11,43.08022689819336
2022-11-14,41.2743034362793
2022-11-15,42.35203552246094
2022-11-16,42.42971420288086
2022-11-17,41.5947151184082
2022-11-18,41.60442352294922
2022-11-21,41.17721176147461
2022-11-22,42.458831787109375
2022-11-23,43.40065002441406
2022-11-25,43.22587585449219
2022-11-28,42.54621887207031
2022-11-29,42.808372497558594
2022-11-30,43.47831344604492
2022-12-01,43.83756637573242
2022-12-02,43.29383850097656
2022-12-05,42.439414978027344
2022-12-06,42.11901092529297
2022-12-07,43.303550720214844
2022-12-08,43.11907196044922
2022-12-09,42.643310546875
2022-12-12,43.51715850830078
2022-12-13,44.61824035644531
2022-12-14,45.14441680908203
2022-12-15,45.84599304199219
2022-12-16,45.11518478393555
2022-12-19,43.92641067504883
2022-12-20,43.63408279418945
2022-12-21,44.58900833129883
2022-12-22,44.85209655761719
2022-12-23,44.61824035644531
2022-12-27,44.696189880371094
2022-12-28,43.741268157958984
2022-12-29,44.647464752197266
2022-12-30,44.36488723754883
2023-01-03,45.01774597167969
2023-01-04,46.196781158447266
2023-01-05,46.450130462646484
2023-01-06,47.073760986328125
2023-01-09,46.898353576660156
2023-01-10,47.19068145751953
2023-01-11,48.55485534667969
2023-01-12,49.02256774902344
2023-01-13,49.44157028198242
2023-01-17,49.76312255859375
2023-01-18,49.66568374633789
2023-01-19,48.895896911621094
2023-01-20,49.4123420715332
2023-01-23,49.753379821777344
2023-01-24,50.29905319213867
2023-01-25,50.64982604980469
2023-01-26,51.02985382080078
2023-01-27,51.27345275878906
2023-01-30,50.659584045410156
2023-01-31,55.43418884277344
2023-02-01,56.94452667236328
2023-02-02,58.72769546508789
2023-02-03,57.29530715942383
2023-02-06,56.009090423583984
2023-02-07,56.583988189697266
2023-02-08,54.089500427246094
2023-02-09,54.14796829223633
2023-02-10,54.547481536865234
2023-02-13,55.92139434814453
2023-02-14,55.0346794128418
2023-02-15,55.28802490234375
2023-02-16,54.479270935058594
2023-02-17,52.910465240478516
2023-02-21,51.409873962402344
2023-02-22,51.760658264160156
2023-02-23,52.618141174316406
2023-02-24,52.208892822265625
2023-02-27,52.325828552246094
2023-02-28,53.27098846435547
2023-03-01,52.832515716552734
2023-03-02,52.89097213745117
2023-03-03,53.777687072753906
2023-03-06,53.38792419433594
2023-03-07,52.6571159362793
2023-03-08,53.34894943237305
2023-03-09,53.046875
2023-03-10,52.101707458496094
2023-03-13,52.8227653503418
2023-03-14,53.61204528808594
2023-03-15,53.22228240966797
2023-03-16,54.527992248535156
2023-03-17,54.15664291381836
2023-03-20,54.0980224609375
2023-03-21,54.54753494262695
2023-03-22,54.65502166748047
2023-03-23,55.104530334472656
2023-03-24,55.36838912963867
2023-03-27,55.260894775390625
2023-03-28,55.964481353759766
2023-03-29,55.84721374511719
2023-03-30,55.48564529418945
2023-03-31,56.951454162597656
2023-04-03,57.6550407409668
2023-04-04,57.0882568359375
2023-04-05,57.29347610473633
2023-04-06,56.521484375
2023-04-10,57.00031661987305
2023-04-11,58.397705078125
2023-04-12,58.3879508972168
2023-04-13,57.86025619506836
2023-04-14,58.76905822753906
2023-04-17,59.20879364013672
2023-04-18,61.163204193115234
2023-04-19,61.01661682128906
2023-04-20,61.37819290161133
2023-04-21,61.397735595703125
2023-04-24,62.40425491333008
2023-04-25,63.46940994262695
2023-04-26,63.156700134277344
2023-04-27,64.75930786132812
2023-04-28,65.61925506591797
2023-05-01,64.28047180175781
2023-05-02,64.27069854736328
2023-05-03,64.97428894042969
2023-05-04,64.8570327758789
2023-05-05,65.4922103881836
2023-05-08,66.23490142822266
2023-05-09,66.18603515625
2023-05-10,66.25443267822266
2023-05-11,66.56714630126953
2023-05-12,66.87007904052734
2023-05-15,66.98733520507812
2023-05-16,67.77886199951172
2023-05-17,67.91567993164062
2023-05-18,68.55085754394531
2023-05-19,67.60295867919922
2023-05-22,65.88310241699219
2023-05-23,64.19255065917969
2023-05-24,64.26094818115234
2023-05-25,65.00362396240234
2023-05-26,64.3684310913086
2023-05-30,65.16973876953125
2023-05-31,64.57366180419922
2023-06-01,65.76583862304688
2023-06-02,67.79840087890625
2023-06-05,67.8375015258789
2023-06-06,70.53457641601562
2023-06-07,69.9384994506836
2023-06-08,69.58668518066406
2023-06-09,70.34892272949219
2023-06-12,71.23817443847656
2023-06-13,72.20559692382812
2023-06-14,71.5802001953125
2023-06-15,72.27400207519531
2023-06-16,71.9900131225586
2023-06-20,73.3316879272461
2023-06-21,74.18370056152344
2023-06-22,74.47748565673828
2023-06-23,74.69293975830078
2023-06-26,74.4579086303711
2023-06-27,77.04330444335938
2023-06-28,76.11296844482422
2023-06-29,75.72122955322266
2023-06-30,76.07379913330078
2023-07-03,75.69184875488281
2023-07-05,75.5253677368164
2023-07-06,73.45899200439453
2023-07-07,73.47857666015625
2023-07-10,75.77999114990234
2023-07-11,76.58303833007812
2023-07-12,78.3458023071289
2023-07-13,78.68856811523438
2023-07-14,80.80390930175781
2023-07-17,80.01067352294922
2023-07-18,80.32404327392578
2023-07-19,80.26527404785156
2023-07-20,75.91709899902344
2023-07-21,76.47530364990234
2023-07-24,76.90620422363281
2023-07-25,81.69507598876953
2023-07-26,82.55691528320312
2023-07-27,81.91055297851562
2023-07-28,83.06615447998047
2023-07-31,82.6450424194336
2023-08-01,82.87028503417969
2023-08-02,81.83219909667969
2023-08-03,79.76583862304688
2023-08-04,82.6058578491211
2023-08-07,83.8593978881836
2023-08-08,84.2315444946289
2023-08-09,83.31098937988281
2023-08-10,81.2446060180664
2023-08-11,81.05854034423828
2023-08-14,82.30227661132812
2023-08-15,82.4981460571289
2023-08-16,80.85289001464844
2023-08-17,77.16083526611328
2023-08-18,77.6602783203125
2023-08-21,76.34800720214844
2023-08-22,77.20001983642578
2023-08-23,78.01286315917969
2023-08-24,76.74952697753906
2023-08-25,75.5743408203125
2023-08-28,76.16192626953125
2023-08-29,78.2576675415039
2023-08-30,79.42308044433594
2023-08-31,80.36322784423828
2023-09-01,80.92142486572266
2023-09-05,76.27944946289062
2023-09-06,77.5721435546875
2023-09-07,79.30554962158203
2023-09-08,79.0509262084961
2023-09-11,80.01067352294922
2023-09-12,76.74952697753906
2023-09-13,75.36868286132812
2023-09-14,76.9551773071289
2023-09-15,74.8453369140625
2023-09-18,75.18880462646484
2023-09-19,75.6990966796875
2023-09-20,75.02198028564453
2023-09-21,72.51961517333984
2023-09-22,72.5588607788086
2023-09-25,72.5490493774414
2023-09-26,71.9013671875
2023-09-27,71.83267211914062
2023-09-28,73.37336730957031
2023-09-29,72.66680908203125
2023-10-02,71.85231018066406
2023-10-03,69.40882110595703
2023-10-04,71.00837707519531
2023-10-05,70.52752685546875
2023-10-06,70.85135650634766
2023-10-09,71.75418090820312
2023-10-10,72.5490493774414
2023-10-11,74.17803955078125
2023-10-12,70.56678009033203
2023-10-13,71.52847290039062
2023-10-16,71.51866149902344
2023-10-17,72.08782958984375
2023-10-18,70.4588394165039
2023-10-19,68.82003021240234
2023-10-20,68.34899139404297
2023-10-23,69.25181579589844
2023-10-24,70.31163787841797
2023-10-25,69.69341278076172
2023-10-26,70.98873138427734
2023-10-27,70.57659149169922
2023-10-30,70.88080596923828
2023-10-31,72.21539306640625
2023-11-01,75.78740692138672
2023-11-02,78.67249298095703
2023-11-03,81.8127212524414
2023-11-06,80.33092498779297
2023-11-07,80.49774932861328
2023-11-08,80.16409301757812
2023-11-09,79.39866638183594
2023-11-10,80.83140563964844
2023-11-13,80.50756072998047
2023-11-14,86.20903778076172
2023-11-15,85.41416931152344
2023-11-16,85.34546661376953
2023-11-17,86.65062713623047
2023-11-20,86.61137390136719
2023-11-21,85.65949249267578
2023-11-22,86.29735565185547
2023-11-24,86.4543685913086
2023-11-27,86.26790618896484
2023-11-28,85.95388793945312
2023-11-29,86.36605834960938
2023-11-30,86.76837921142578
2023-12-01,89.31982421875
2023-12-04,89.31982421875
2023-12-05,89.22168731689453
2023-12-06,90.73291778564453
2023-12-07,92.695556640625
2023-12-08,94.5110092163086
2023-12-11,94.25586700439453
2023-12-12,94.19699096679688
2023-12-13,96.13018798828125
2023-12-14,102.9209213256836
2023-12-15,100.57555389404297
2023-12-18,100.2904281616211
2023-12-19,101.21467590332031
2023-12-20,100.36908721923828
2023-12-21,100.71321868896484
2023-12-22,100.71321868896484
2023-12-26,101.45065307617188
2023-12-27,102.18807983398438
2023-12-28,101.75544738769531
2023-12-29,101.48997497558594
2024-01-02,99.84797668457031
2024-01-03,98.78607940673828
2024-01-04,98.62875366210938
2024-01-05,99.77914428710938
2024-01-08,101.99144744873047
2024-01-09,101.57847595214844
2024-01-10,103.44662475585938
2024-01-11,104.0464096069336
2024-01-12,103.15166473388672
2024-01-16,102.37489318847656
2024-01-17,102.01110076904297
2024-01-18,102.4830551147461
2024-01-19,104.2922134399414
2024-01-22,107.4090805053711
2024-01-23,101.86360931396484
2024-01-24,100.64440155029297
2024-01-25,103.36798095703125
2024-01-26,103.35814666748047
2024-01-29,104.28238677978516
2024-01-30,103.78092956542969
2024-01-31,102.80752563476562
2024-02-01,104.94115447998047
2024-02-02,104.19389343261719
2024-02-05,102.60103607177734
2024-02-06,100.85086822509766
2024-02-07,101.28350067138672
2024-02-08,101.52931213378906
2024-02-09,101.37199401855469
2024-02-12,103.90876007080078
2024-02-13,100.2904281616211
2024-02-14,102.07991790771484
2024-02-15,102.72886657714844
2024-02-16,99.74964141845703
2024-02-20,101.31300354003906
2024-02-21,101.88328552246094
2024-02-22,102.92550659179688
2024-02-23,103.96774291992188
2024-02-26,104.42003631591797
2024-02-27,105.0689697265625
2024-02-28,104.64617919921875
2024-02-29,106.5634994506836
2024-03-01,109.34606170654297
2024-03-04,109.16907501220703
2024-03-05,108.59880828857422
2024-03-06,109.57220458984375
2024-03-07,111.89266204833984
2024-03-08,110.79142761230469
2024-03-11,108.9920883178711
2024-03-12,110.2801513671875
2024-03-13,112.36460876464844
2024-03-14,108.07018280029297
2024-03-15,109.23243713378906
2024-03-18,108.52324676513672
2024-03-19,109.73474884033203
2024-03-20,112.27596282958984
2024-03-21,114.3148422241211
2024-03-22,114.69898223876953
2024-03-25,113.95040893554688
2024-03-26,114.24589538574219
2024-03-27,116.23552703857422
2024-03-28,118.80628204345703
2024-04-01,116.64920806884766
2024-04-02,112.48280334472656
2024-04-03,113.88146209716797
2024-04-04,112.12822723388672
2024-04-05,114.60047149658203
2024-04-08,113.32003784179688
2024-04-09,113.65491485595703
2024-04-10,107.75499725341797
2024-04-11,108.91724395751953
2024-04-12,109.22258758544922
2024-04-15,107.15415954589844
2024-04-16,105.25318145751953
2024-04-17,104.55384063720703
2024-04-18,104.36671447753906
2024-04-19,103.84468078613281
2024-04-22,106.20858764648438
2024-04-23,111.06446075439453
2024-04-24,110.57199096679688
2024-04-25,109.68551635742188
2024-04-26,112.08882904052734
2024-04-29,112.83739471435547
2024-04-30,109.74461364746094
2024-05-01,110.13858795166016
2024-05-02,112.13807678222656
2024-05-03,114.8861312866211
2024-05-06,115.88092803955078
2024-05-07,115.19145202636719
2024-05-08,114.04888916015625
2024-05-09,115.23085021972656
2024-05-10,115.91048431396484
2024-05-13,114.6300277709961
2024-05-14,114.43303680419922
2024-05-15,120.23446655273438
2024-05-16,116.87574768066406
2024-05-17,117.27957916259766
2024-05-20,117.40762329101562
2024-05-21,116.1271743774414
2024-05-22,112.48280334472656
2024-05-23,111.04476928710938
2024-05-24,112.58129119873047
2024-05-28,111.55694580078125
2024-05-29,110.84778594970703
2024-05-30,114.02920532226562
2024-05-31,115.5558853149414
2024-06-03,113.75341033935547
2024-06-04,111.19251251220703
2024-06-05,113.83220672607422
2024-06-06,112.76844787597656
2024-06-07,109.86280059814453
2024-06-10,111.69483184814453
2024-06-11,109.28166961669922
2024-06-12,113.6253662109375
2024-06-13,113.73371887207031
2024-06-14,112.37445831298828
2024-06-17,112.68965911865234
2024-06-18,109.66051483154297
2024-06-20,109.21651458740234
2024-06-21,110.08479309082031
2024-06-24,111.18001556396484
2024-06-25,108.57516479492188
2024-06-26,108.58502960205078
2024-06-27,108.28900909423828
2024-06-28,108.63435363769531
2024-07-01,104.81587982177734
2024-07-02,103.1286392211914
2024-07-03,103.66145324707031
2024-07-05,102.56623077392578
2024-07-08,103.85879516601562
2024-07-09,103.30623626708984
2024-07-10,105.72362518310547
2024-07-11,112.32457733154297
2024-07-12,114.78141784667969
2024-07-15,114.69261169433594
2024-07-16,122.9018783569336
2024-07-17,120.09967803955078
2024-07-18,123.13867950439453
2024-07-19,123.09920501708984
2024-07-22,123.96748352050781
2024-07-23,123.99710083007812
2024-07-24,120.92849731445312
2024-07-25,123.33601379394531
2024-07-26,128.2595977783203
2024-07-29,131.14071655273438
2024-07-30,131.4071044921875
2024-07-31,130.24281311035156
2024-08-01,127.55902862548828
2024-08-02,125.97047424316406
2024-08-05,121.71784973144531
2024-08-06,122.00398254394531
2024-08-07,118.38284301757812
2024-08-08,120.50421142578125
2024-08-09,121.38236999511719
2024-08-12,120.33648681640625
2024-08-13,121.93492889404297
2024-08-14,120.24768829345703
2024-08-15,120.88902282714844
2024-08-16,120.95809936523438
2024-08-19,123.51361846923828
2024-08-20,123.07947540283203
2024-08-21,126.8288803100586
2024-08-22,127.49983978271484
2024-08-23,133.3311767578125
2024-08-26,131.85113525390625
2024-08-27,129.82843017578125
2024-08-28,129.3647003173828
2024-08-29,128.3977508544922
2024-08-30,129.8974609375
2024-09-03,127.0755615234375
2024-09-04,126.58220672607422
2024-09-05,126.56249237060547
2024-09-06,128.466796875
2024-09-09,129.84817504882812
2024-09-10,130.9335174560547
2024-09-11,129.69029235839844
2024-09-12,133.4989013671875
2024-09-13,137.68246459960938
2024-09-16,138.1955108642578
2024-09-17,138.7884063720703
2024-09-18,139.31210327148438
2024-09-19,143.2545928955078
2024-09-20,140.1717529296875
2024-09-23,141.8317413330078
2024-09-24,141.55508422851562
2024-09-25,138.7884063720703
2024-09-26,138.30421447753906
2024-09-27,141.46612548828125
2024-09-30,141.82186889648438
2024-10-01,142.88902282714844
2024-10-02,141.5946044921875
2024-10-03,141.26852416992188
2024-10-04,137.780517578125
2024-10-07,137.77066040039062
2024-10-08,138.50184631347656
2024-10-09,137.7311248779297
2024-10-10,137.0098114013672
2024-10-11,137.54339599609375
2024-10-14,140.84364318847656
2024-10-15,142.8988800048828
2024-10-16,145.05294799804688
2024-10-17,144.22296142578125
2024-10-18,147.2662811279297
2024-10-21,142.5431671142578
2024-10-22,132.21754455566406
2024-10-23,131.5752716064453
2024-10-24,134.22337341308594
2024-10-25,130.8934783935547
2024-10-28,132.2866973876953
2024-10-29,128.03787231445312
2024-10-30,128.7097930908203
2024-10-31,127.98849487304688
2024-11-01,126.85215759277344
2024-11-04,127.9489517211914
2024-11-05,131.67405700683594
2024-11-06,127.63275909423828
2024-11-07,129.5990753173828
2024-11-08,131.12075805664062
2024-11-11,131.87171936035156
2024-11-12,127.33631896972656
2024-11-13,125.96287536621094
2024-11-14,127.8995590209961
2024-11-15,127.35608673095703
2024-11-18,127.03990936279297
2024-11-19,126.98059844970703
2024-11-20,126.53596496582031
2024-11-21,126.59524536132812
2024-11-22,128.21571350097656
2024-11-25,136.01182556152344
2024-11-26,133.9862518310547
2024-11-27,134.90518188476562
2024-11-29,133.66017150878906
2024-12-02,133.5316925048828
2024-12-03,132.40528869628906
2024-12-04,127.76122283935547
2024-12-05,126.34822845458984
2024-12-06,125.31072998046875
2024-12-09,126.94108581542969
2024-12-10,123.84833526611328
2024-12-11,120.45915985107422
2024-12-12,119.25366973876953
2024-12-13,117.01068115234375
2024-12-16,115.64712524414062
2024-12-17,114.72645568847656
2024-12-18,110.1726303100586
2024-12-19,107.7967300415039
2024-12-20,109.41036224365234
2024-12-23,109.02428436279297
2024-12-24,109.6380615234375
2024-12-26,109.53907012939453
2024-12-27,108.42041015625
2024-12-30,107.76702880859375
2024-12-31,107.80662536621094
2025-01-02,106.55927276611328
2025-01-03,108.9450912475586
2025-01-06,107.83631896972656
2025-01-07,106.74737548828125
2025-01-08,109.3509750366211
2025-01-10,106.52959442138672
2025-01-13,107.8957290649414
2025-01-14,111.37049102783203
2025-01-15,114.80565643310547
2025-01-16,115.75601196289062
2025-01-17,115.85501098632812
2025-01-21,114.64724731445312
2025-01-22,115.7164077758789
2025-01-23,115.3501205444336
2025-01-24,114.5284652709961
2025-01-27,116.8647689819336
2025-01-28,113.89488220214844
2025-01-29,111.8555679321289
2025-01-30,117.32014465332031
2025-01-31,112.63764953613281
2025-02-03,108.05413055419922
2025-02-04,109.27177429199219
2025-02-05,110.21222686767578
2025-02-06,108.9054946899414
2025-02-07,104.80706024169922
2025-02-10,105.50003051757812
2025-02-11,106.25240325927734
2025-02-12,104.93574523925781
2025-02-13,105.62871551513672
2025-02-14,106.35139465332031
2025-02-18,104.53976440429688
2025-02-19,103.80718994140625
2025-02-20,104.77735137939453
2025-02-21,102.07476806640625
2025-02-24,100.67891693115234
2025-02-25,105.16344451904297
2025-02-26,103.40131378173828
2025-02-27,101.88666534423828
2025-02-28,102.2430648803711
2025-03-03,101.00559997558594
2025-03-04,101.86688232421875
2025-03-05,104.90605163574219
2025-03-06,107.1829605102539
2025-03-07,106.82658386230469
2025-03-10,106.32168579101562
2025-03-11,104.77735137939453
2025-03-12,102.49054718017578
2025-03-13,100.07504272460938
2025-03-14,101.90647888183594
2025-03-17,102.84693145751953
2025-03-18,102.66836547851562
2025-03-19,104.28543090820312
2025-03-20,104.50366973876953
2025-03-21,101.90447998046875
2025-03-24,105.0096206665039
2025-03-25,104.48383331298828
2025-03-26,104.38463592529297
2025-03-27,104.20606231689453
2025-03-28,100.93225860595703
2025-03-31,101.98384094238281
2025-04-01,102.22193908691406
2025-04-02,103.50170135498047
2025-04-03,96.97393798828125
2025-04-04,100.43623352050781
2025-04-07,95.376708984375
2025-04-08,91.28942108154297
2025-04-09,96.39854431152344
2025-04-10,92.93624877929688
2025-04-11,93.77949523925781
2025-04-14,94.6822738647461
2025-04-15,94.03743743896484
2025-04-16,92.12275695800781
2025-04-17,94.19615936279297
2025-04-21,92.37076568603516
2025-04-22,100.0890121459961
2025-04-23,100.25765228271484
2025-04-24,102.03343963623047
2025-04-25,101.07113647460938
2025-04-28,101.60684967041016
2025-04-29,100.93225860595703
2025-04-30,101.76559448242188
2025-05-01,101.08106994628906
2025-05-02,103.63065338134766
2025-05-05,102.84693145751953
2025-05-06,100.03939819335938
2025-05-07,100.51558685302734
2025-05-08,102.53939819335938
2025-05-09,101.65645599365234
2025-05-12,105.69414520263672
2025-05-13,105.6048583984375
2025-05-14,101.24971771240234
2025-05-15,101.95407104492188
2025-05-16,103.5810546875
2025-05-19,102.25169372558594
2025-05-20,100.50566864013672
2025-05-21,98.31322479248047
2025-05-22,97.79735565185547
2025-05-23,97.43028259277344
2025-05-27,99.77154541015625
2025-05-28,96.93424987792969
2025-05-29,97.75765991210938
2025-05-30,97.251708984375
2025-06-02,96.77552795410156
2025-06-03,97.8866195678711
2025-06-04,101.06122589111328
2025-06-05,100.83305358886719
2025-06-06,99.43424224853516
2025-06-09,100.66439819335938
2025-06-10,104.19613647460938
2025-06-11,102.59891510009766
2025-06-12,103.3231201171875
2025-06-13,100.80328369140625
2025-06-16,101.60684967041016
2025-06-17,98.14706420898438
2025-06-18,98.56461334228516
2025-06-20,100.88109588623047
2025-06-23,104.2414779663086
2025-06-24,104.87776184082031
2025-06-25,102.9589614868164
2025-06-26,103.8338623046875
2025-06-27,104.9075927734375
2025-06-30,104.84793090820312
2025-07-01,109.30194091796875
2025-07-02,110.69380950927734
2025-07-03,108.72531127929688
2025-07-07,107.51239013671875
2025-07-08,108.24808502197266
2025-07-09,113.10970306396484
2025-07-10,114.51152801513672
2025-07-11,113.60680389404297
2025-07-14,112.18510437011719
2025-07-15,107.37319946289062
2025-07-16,108.65571594238281
2025-07-17,108.64576721191406
2025-07-18,108.02937316894531
2025-07-21,108.0194320678711
2025-07-22,120.46675872802734
2025-07-23,118.58772277832031
2025-07-24,115.3565902709961
2025-07-25,115.67473602294922
2025-07-28,116.14201354980469
2025-07-29,116.380615234375
2025-07-30,112.70209503173828
2025-07-31,112.26464080810547
2025-08-01,116.0724105834961
2025-08-04,118.66726684570312
2025-08-05,120.31763458251953
2025-08-06,119.53221893310547
2025-08-07,119.96966552734375
2025-08-08,120.93403625488281
2025-08-11,119.50238800048828
2025-08-12,122.6142349243164
2025-08-13,129.20574951171875
2025-08-14,127.80393981933594
2025-08-15,127.943115234375
2025-08-18,127.46591186523438
2025-08-19,129.6133575439453
2025-08-20,125.80559539794922
2025-08-21,124.64238739013672
2025-08-22,131.56201171875
2025-08-25,131.5122833251953
2025-08-26,130.36895751953125
2025-08-27,130.26953125
2025-08-28,130.7069854736328
2025-08-29,131.25379943847656
2025-09-02,131.32337951660156
2025-09-03,132.52635192871094
2025-09-04,136.81134033203125
2025-09-05,139.75416564941406
2025-09-08,140.5992431640625
2025-09-09,135.926513671875
2025-09-10,134.62413024902344
2025-09-11,137.8552703857422
2025-09-12,136.3043212890625
2025-09-15,134.0574188232422
2025-09-16,133.31056213378906
2025-09-17,133.53961181640625
2025-09-18,133.53961181640625
2025-09-19,131.3488006591797
2025-09-22,128.69992065429688
2025-09-23,129.50653076171875
2025-09-24,130.35296630859375
2025-09-25,128.20199584960938
2025-09-26,130.60191345214844
2025-09-29,132.5836181640625
2025-09-30,131.5778350830078
2025-10-01,133.878173828125
2025-10-02,134.31634521484375
2025-10-03,137.03492736816406
2025-10-06,134.913818359375
2025-10-07,129.05841064453125
2025-10-08,127.12651824951172
2025-10-09,120.90263366699219
2025-10-10,119.5383529663086
2025-10-13,119.9864730834961
2025-10-14,124.36808776855469
2025-10-15,124.15896606445312
2025-10-16,123.3623046875
2025-10-17,123.92992401123047
2025-10-20,122.75485229492188
2025-10-21,122.75485229492188
2025-10-22,119.7076416015625
2025-10-23,120.35493469238281
2025-10-24,120.02630615234375
2025-10-27,119.79727172851562
2025-10-28,120.23542785644531
2025-10-29,117.73592376708984
2025-10-30,118.54253387451172
2025-10-31,119.36907196044922
2025-11-03,118.26370239257812
2025-11-04,119.14002990722656
2025-11-05,118.96077728271484
2025-11-06,118.43299102783203
2025-11-07,119.25952911376953
2025-11-10,119.66780853271484
2025-11-11,120.71342468261719
2025-11-12,120.12588500976562
2025-11-13,117.92512512207031
2025-11-14,117.87533569335938
2025-11-17,113.40409851074219
2025-11-18,113.0157241821289
2025-11-19,113.28459930419922
2025-11-20,113.87213897705078
2025-11-21,119.81718444824219
2025-11-24,118.78152465820312
2025-11-25,125.18466186523438
2025-11-26,127.05680084228516
2025-11-28,126.65847778320312
2025-12-01,126.64852142333984
2025-12-02,126.02114868164062
2025-12-03,129.78536987304688
2025-12-04,127.35555267333984
2025-12-05,126.45931243896484
2025-12-08,124.35812377929688
2025-12-09,122.52582550048828
2025-12-10,127.36550903320312
2025-12-11,127.0368881225586
2025-12-12,125.90164947509766
2025-12-15,125.9813232421875
2025-12-16,124.12527465820312
2025-12-17,122.53866577148438
2025-12-18,121.40109252929688
2025-12-19,119.48516845703125
2025-12-22,118.85651397705078
2025-12-23,117.13018798828125
2025-12-24,119.09600067138672
2025-12-26,118.94631958007812
2025-12-29,118.43740844726562
2025-12-30,117.87859344482422
